1|0|0|1|2|Kris|0|0|1|1|1|0|6|11|50|0|0|20|0|40|40|0|0|0|1|1|1|1|1|1|1|-|-|
2|0|1|1|3|Short Sword|0|0|1|1|1|0|3|7|20|0|0|22|0|60|0|0|0|0|1|1|1|1|1|1|1|-|-|
3|0|2|1|3|Rapier|0|0|1|1|1|0|9|15|40|0|0|23|0|50|40|0|0|0|0|1|1|1|1|1|0|Ceto|-|
4|0|3|1|3|Katana|0|20|1|1|1|0|16|26|35|0|0|27|0|80|40|0|0|0|0|1|0|1|1|0|0|-|-|
5|0|4|1|3|Sword of Assassin|0|21|1|1|1|0|12|18|30|0|0|24|0|60|40|0|0|0|0|1|0|1|1|0|0|-|-|
6|0|5|1|3|Blade|0|22|1|1|1|0|36|47|30|0|0|39|0|80|50|0|0|0|1|1|1|1|1|0|0|-|-|
7|0|6|1|3|Gladius|0|20|1|1|1|0|20|30|20|0|0|30|0|110|0|0|0|0|0|1|1|1|1|0|0|-|-|
8|0|7|1|3|Falchion|0|21|1|1|1|0|24|34|25|0|0|34|0|120|0|0|0|0|0|1|0|1|1|0|0|-|-|
9|0|8|1|3|Serpent Sword|0|21|1|1|1|0|30|40|20|0|0|36|0|130|0|0|0|0|0|1|0|1|1|0|0|-|-|
10|0|9|2|3|Sword of Salamander|0|20|1|1|1|0|32|46|30|0|0|40|0|103|0|0|0|0|0|1|0|1|0|0|0|-|-|
11|0|10|2|4|Light Saber|0|22|1|1|1|0|47|61|25|0|0|50|0|80|60|0|0|0|0|1|1|1|0|0|0|-|-|
12|0|11|2|3|Legendary Sword|0|20|1|1|1|0|56|72|20|0|0|54|0|120|0|0|0|0|0|1|0|1|0|0|0|-|-|
13|0|12|2|3|Heliacal Sword|0|19|1|1|1|0|73|98|25|0|0|66|0|140|0|0|0|0|0|1|0|1|0|0|0|-|-|
14|0|13|1|3|Double Blade|0|22|1|1|1|0|48|56|30|0|0|43|0|70|70|0|0|0|0|1|1|1|0|0|0|-|-|
15|0|14|1|3|Lighting Sword|0|22|1|1|1|0|59|67|30|0|0|50|0|90|50|0|0|0|0|1|1|1|0|0|0|Hyon|-|
16|0|15|2|3|Giant Sword|0|23|1|1|1|0|60|85|20|0|0|60|0|140|0|0|0|0|0|1|0|1|0|0|0|-|-|
17|0|16|1|4|Sword of Destruction|0|22|1|1|1|0|82|90|35|0|0|84|0|160|60|0|0|0|0|1|0|1|0|0|0|-|-|
18|0|17|2|4|Dark Breaker|0|23|1|1|1|0|128|153|40|0|0|89|0|180|50|0|0|0|0|2|0|0|0|0|0|-|-|
19|0|18|2|3|Thunder Blade|0|23|1|1|1|0|140|168|40|0|0|86|0|180|50|0|0|0|0|0|0|1|0|0|0|-|-|
20|0|19|1|4|Divine Sword of Archangel|0|22|1|1|1|0|220|230|45|0|0|168|0|140|50|0|0|0|0|1|0|1|1|0|0|-|-|
21|0|20|1|4|Knight Blade|0|22|1|1|1|0|107|115|35|0|0|90|0|116|38|0|0|0|0|2|0|0|0|0|0|-|-|
22|0|21|2|4|Dark Reign Blade|0|56|1|1|1|0|115|142|40|0|0|100|0|116|53|9|0|0|0|0|0|1|0|0|0|-|-|
23|0|22|1|4|Bone Blade|0|22|1|1|1|0|122|135|40|0|0|95|380|100|35|0|0|0|0|2|0|0|0|0|0|-|-|
24|0|23|2|4|Explosion Blade|0|56|1|1|1|0|127|155|45|0|0|110|380|98|48|7|0|0|0|0|0|1|0|0|0|-|-|
25|0|24|2|4|Daybreak|0|22|1|1|1|0|182|218|40|0|0|90|0|192|30|0|0|0|0|2|0|0|0|0|0|-|-|
26|0|25|2|4|Sword Dancer|0|56|1|1|1|0|109|136|40|0|0|90|0|136|57|9|0|0|0|0|0|1|0|0|0|-|-|
27|0|26|1|4|Flameberge|0|22|1|1|1|0|115|126|40|0|0|90|380|193|53|0|0|0|0|2|0|0|0|0|0|-|-|
28|0|27|1|4|Sword Breaker|0|22|1|1|1|0|91|99|35|0|0|90|380|53|176|0|0|0|0|2|0|0|0|0|0|-|-|
29|0|28|1|4|Rune Bastard Sword|0|56|1|1|1|0|98|122|45|0|0|90|380|91|73|17|0|0|0|0|0|1|0|0|0|-|-|
30|0|31|2|4|Rune Blade|0|56|1|1|1|0|104|130|35|0|0|93|0|135|62|9|0|0|0|0|0|1|0|0|0|-|-|
31|0|32|1|2|Sacred Glove|0|260|1|1|1|0|52|58|25|0|0|65|0|85|35|0|0|0|0|0|0|0|0|0|1|Vega|Chameren|
32|0|33|1|2|Storm Hard Claw|0|261|1|1|1|0|82|88|30|0|0|77|0|100|50|0|0|0|0|0|0|0|0|0|1|-|-|
33|0|34|1|2|Piercing Blade Glove|0|260|1|1|1|0|95|101|35|0|0|86|0|120|60|0|0|0|0|0|0|0|0|0|1|-|-|
34|1|0|1|3|Small Axe|0|0|1|1|1|0|1|6|20|0|0|18|0|50|0|0|0|0|1|1|1|1|1|1|1|-|-|
35|1|1|1|3|Hand Axe|0|0|1|1|1|0|4|9|30|0|0|20|0|70|0|0|0|0|1|1|1|1|1|1|1|-|-|
36|1|2|1|3|Double Axe|0|19|1|1|1|0|14|24|20|0|0|26|0|90|0|0|0|0|0|1|0|1|1|0|0|-|-|
37|1|3|1|3|Tomahawk|0|19|1|1|1|0|18|28|30|0|0|28|0|100|0|0|0|0|0|1|0|1|1|0|1|-|-|
38|1|4|1|3|Elven Axe|0|0|1|1|1|0|26|38|40|0|0|32|0|50|70|0|0|0|1|0|1|1|0|1|0|-|-|
39|1|5|2|3|Battle Axe|0|19|1|1|1|0|36|44|20|0|0|36|0|120|0|0|0|0|0|1|1|1|0|0|0|-|-|
40|1|6|2|3|Nikea Axe|0|19|1|1|1|0|38|50|30|0|0|44|0|130|0|0|0|0|0|1|1|1|0|0|0|-|-|
41|1|7|2|3|Larkan Axe|0|19|1|1|1|0|54|67|25|0|0|55|0|140|0|0|0|0|0|1|0|1|0|0|0|-|-|
42|1|8|2|3|Crescent Axe|0|19|1|1|1|0|69|89|30|0|0|65|0|100|40|0|0|0|1|1|0|1|0|0|0|-|-|
43|2|0|1|3|Mace|0|0|1|1|1|0|7|13|15|0|0|21|0|100|0|0|0|0|0|1|0|1|1|0|1|-|-|
44|2|1|1|3|Morning Star|0|19|1|1|1|0|13|22|15|0|0|25|0|100|0|0|0|0|0|1|0|1|1|0|1|Warrior|-|
45|2|2|1|3|Flail|0|0|1|1|1|0|22|32|15|0|0|32|0|80|50|0|0|0|0|1|0|1|1|0|1|-|-|
46|2|3|2|3|Great Hammer|0|19|1|1|1|0|45|56|15|0|0|50|0|150|0|0|0|0|0|1|0|1|0|0|1|-|-|
47|2|4|2|3|Crystal Morning Star|0|19|1|1|1|0|78|107|30|0|0|72|0|130|0|0|0|0|1|1|1|1|0|0|1|-|-|
48|2|5|2|4|Crystal Sword|0|23|1|1|1|0|89|120|40|0|0|76|0|130|70|0|0|0|1|1|1|1|0|0|0|-|-|
49|2|6|2|4|Chaos Dragon Axe|0|23|1|1|1|0|102|130|35|0|0|80|0|140|50|0|0|0|0|1|0|1|0|0|0|-|-|
50|2|7|1|3|Elemental Mace|0|0|1|1|1|0|62|80|50|0|0|50|0|15|42|0|0|0|0|0|2|0|0|0|0|-|-|
51|2|8|1|3|Battle Scepter|0|66|1|1|1|0|41|52|45|0|0|40|0|80|17|0|0|0|0|0|0|0|1|0|0|-|-|
52|2|9|1|3|Master Scepter|0|66|1|1|1|0|57|68|45|0|0|45|0|87|18|0|0|0|0|0|0|0|1|0|0|-|-|
53|2|10|1|4|Great Scepter|0|66|1|1|1|0|74|85|45|0|0|65|0|100|21|0|0|0|0|0|0|0|1|0|0|-|-|
54|2|11|1|4|Lord Scepter|0|66|1|1|1|0|91|102|40|0|0|72|0|105|23|0|0|0|0|0|0|0|1|0|0|-|-|
55|2|12|1|4|Great Lord Scepter|0|66|1|1|1|0|108|120|40|0|0|84|0|90|20|0|0|0|0|0|0|0|1|0|0|-|-|
56|2|13|1|4|Divine Scepter of Archangel|0|66|1|1|1|0|200|223|45|0|0|90|0|75|16|0|0|0|0|0|0|0|1|0|0|-|-|
57|2|14|1|4|Soleil Scepter|0|66|1|1|1|0|130|153|40|0|0|95|380|80|15|0|0|0|0|0|0|0|1|0|0|-|-|
58|2|15|1|4|Shining Scepter|0|66|1|1|1|0|99|111|40|0|0|78|0|108|22|0|0|0|0|0|0|0|1|0|0|-|-|
59|2|16|1|3|Frost Mace|0|0|1|1|1|0|106|146|50|0|0|80|380|27|19|0|0|0|0|0|2|0|0|0|0|-|-|
60|2|17|1|4|Absolute Scepter|0|66|1|1|1|0|114|132|40|0|0|90|380|119|24|0|0|0|0|0|0|0|1|0|0|-|-|
61|2|18|1|4|Striker Scepter|0|66|1|1|1|0|112|124|40|0|0|86|0|87|20|0|0|0|0|0|0|0|1|0|0|-|-|
62|3|0|2|4|Light Spear|0|22|1|1|1|0|50|63|25|0|0|56|0|60|70|0|0|0|0|1|1|1|0|0|0|-|-|
63|3|1|2|4|Spear|0|0|1|1|1|0|30|41|30|0|0|42|0|70|50|0|0|0|0|1|1|1|0|0|0|-|-|
64|3|2|2|4|Dragon Lance|0|0|1|1|1|0|21|33|30|0|0|34|0|70|50|0|0|0|0|1|1|1|0|0|0|-|-|
65|3|3|2|4|Giant Trident|0|0|1|1|1|0|35|43|25|0|0|44|0|90|30|0|0|0|0|1|1|1|0|0|0|-|-|
66|3|4|2|4|Serpent Spear|0|20|1|1|1|0|58|80|20|0|0|58|0|90|30|0|0|0|0|1|1|1|0|0|0|-|-|
67|3|5|2|4|Double Poleaxe|0|0|1|1|1|0|19|31|30|0|0|38|0|70|50|0|0|0|0|1|1|1|0|0|0|-|-|
68|3|6|2|4|Halberd|0|0|1|1|1|0|25|35|30|0|0|40|0|70|50|0|0|0|0|1|1|1|0|0|0|-|-|
69|3|7|2|4|Berdysh|0|22|1|1|1|0|42|54|30|0|0|54|0|80|50|0|0|0|0|1|1|1|0|0|0|-|-|
70|3|8|2|4|Great Scythe|0|22|1|1|1|0|71|92|25|0|0|68|0|90|50|0|0|0|0|1|1|1|0|0|0|-|-|
71|3|9|2|4|Bill of Balrog|0|22|1|1|1|0|76|102|25|0|0|74|0|80|50|0|0|0|0|1|1|1|0|0|0|-|-|
72|3|10|2|4|Dragon Spear|0|22|1|1|1|0|112|140|35|0|0|85|0|170|60|0|0|0|0|2|0|0|0|0|0|-|-|
73|3|11|2|4|Brova|0|22|1|1|1|0|190|226|40|0|0|90|0|152|25|0|0|0|0|2|0|1|0|0|0|-|-|
74|4|0|2|3|Short Bow|0|24|1|1|1|0|3|5|30|0|0|20|0|20|80|0|0|0|0|0|1|0|0|0|0|-|-|
75|4|1|2|3|Bow|0|24|1|1|1|0|9|13|30|0|0|24|0|30|90|0|0|0|0|0|1|0|0|0|0|-|-|
76|4|2|2|3|Elven Bow|0|24|1|1|1|0|17|24|30|0|0|28|0|30|90|0|0|0|0|0|1|0|0|0|0|-|-|
77|4|3|2|3|Battle Bow|0|24|1|1|1|0|28|37|30|0|0|36|0|30|90|0|0|0|0|0|1|0|0|0|0|-|-|
78|4|4|2|4|Tiger Bow|0|24|1|1|1|0|42|52|30|0|0|43|0|30|100|0|0|0|0|0|1|0|0|0|0|-|-|
79|4|5|2|4|Silver Bow|0|24|1|1|1|0|59|71|40|0|0|48|0|30|100|0|0|0|0|0|1|0|0|0|0|Gywen|-|
80|4|6|2|4|Chaos Nature Bow|0|24|1|1|1|0|88|106|35|0|0|68|0|40|150|0|0|0|0|0|1|0|0|0|0|-|-|
81|4|7|1|1|Bolt|-1|0|0|0|0|0|0|0|0|0|0|255|0|0|0|0|0|0|0|0|1|0|0|0|0|-|-|
82|4|8|2|2|Crossbow|0|24|1|1|1|0|5|8|40|0|0|22|0|20|90|0|0|0|0|0|1|0|0|0|0|-|-|
83|4|9|2|2|Golden Crossbow|0|24|1|1|1|0|13|19|40|0|0|26|0|30|90|0|0|0|0|0|1|0|0|0|0|Gaia|-|
84|4|10|2|2|Arquebus|0|24|1|1|1|0|22|30|40|0|0|31|0|30|90|0|0|0|0|0|1|0|0|0|0|-|-|
85|4|11|2|3|Light Crossbow|0|24|1|1|1|0|35|44|40|0|0|40|0|30|90|0|0|0|0|0|1|0|0|0|0|-|-|
86|4|12|2|3|Serpent Crossbow|0|24|1|1|1|0|50|61|40|0|0|45|0|30|100|0|0|0|0|0|1|0|0|0|0|-|-|
87|4|13|2|3|Bluewing Crossbow|0|24|1|1|1|0|68|82|40|0|0|56|0|40|110|0|0|0|0|0|1|0|0|0|0|-|-|
88|4|14|2|3|Aquagold Crossbow|0|24|1|1|1|0|78|92|30|0|0|60|0|50|130|0|0|0|0|0|1|0|0|0|0|-|-|
89|4|15|1|1|Arrow|-1|0|0|0|0|0|0|0|0|0|0|255|0|0|0|0|0|0|0|0|1|0|0|0|0|-|-|
90|4|16|2|4|Saint Crossbow|0|24|1|1|1|0|102|127|35|0|0|72|0|50|160|0|0|0|0|0|1|0|0|0|0|-|-|
91|4|17|2|4|Celestial Bow|0|24|1|1|1|0|127|155|35|0|0|76|0|54|198|0|0|0|0|0|2|0|0|0|0|-|-|
92|4|18|2|3|Divine Crossbow of Archangel|0|24|1|1|1|0|224|246|45|0|0|200|0|40|110|0|0|0|0|0|1|0|0|0|0|-|-|
93|4|19|2|3|Great Reign Crossbow|0|24|1|1|1|0|150|172|40|0|0|80|0|61|285|0|0|0|0|0|2|0|0|0|0|-|-|
94|4|20|2|4|Arrow Viper Bow|0|24|1|1|1|0|166|190|45|0|0|86|0|52|245|0|0|0|0|0|2|0|0|0|0|-|-|
95|4|21|2|4|Sylph Wind Bow|0|24|1|1|1|0|177|200|45|0|0|93|380|46|210|0|0|0|0|0|2|0|0|0|0|-|-|
96|4|22|2|4|Albatross Bow|0|24|1|1|1|0|155|177|45|0|0|70|0|60|265|0|0|0|0|0|2|0|0|0|0|-|-|
97|4|23|2|4|Dark Stinger|0|24|1|1|1|0|162|184|45|0|0|80|380|32|209|0|0|0|0|0|2|0|0|0|0|-|-|
98|4|24|2|4|Aileen Bow|0|24|1|1|1|0|170|194|45|0|0|88|0|49|226|0|0|0|0|0|2|0|0|0|0|-|-|
99|5|0|1|3|Skull Staff|0|0|1|1|1|0|3|4|20|0|0|0|0|40|0|0|0|0|1|0|0|1|0|1|0|Apollo|-|
100|5|1|2|3|Angelic Staff|0|0|1|1|1|0|10|12|25|0|0|0|0|50|0|0|0|0|1|0|0|1|0|0|0|-|-|
101|5|2|2|3|Serpent Staff|0|0|1|1|1|0|17|18|25|0|0|0|0|50|0|0|0|0|1|0|0|1|0|0|0|-|-|
102|5|3|2|4|Thunder Staff|0|0|1|1|1|0|23|25|25|0|0|0|0|40|10|0|0|0|1|0|0|1|0|0|0|-|-|
103|5|4|2|4|Gorgon Staff|0|0|1|1|1|0|29|32|25|0|0|0|0|50|0|0|0|0|1|0|0|1|0|0|0|-|-|
104|5|5|1|4|Legendary Staff|0|0|1|1|1|0|29|31|25|0|0|0|0|50|0|0|0|0|1|0|0|1|0|0|0|-|-|
105|5|6|1|4|Staff of Resurrection|0|0|1|1|1|0|35|39|25|0|0|0|0|60|10|0|0|0|1|0|0|1|0|0|0|-|-|
106|5|7|2|4|Chaos Lighting Staff|0|0|1|1|1|0|47|48|30|0|0|0|0|60|10|0|0|0|1|0|0|1|0|0|0|-|-|
107|5|8|2|4|Staff of Destruction|0|0|1|1|1|0|50|54|30|0|0|0|0|60|10|0|0|0|1|0|0|1|0|0|0|-|-|
108|5|9|1|4|Dragon Soul Staff|0|0|1|1|1|0|46|48|30|0|0|0|0|52|16|0|0|0|2|0|0|0|0|0|0|-|-|
109|5|10|1|4|Divine Staff of Archangel|0|0|1|1|1|0|153|165|30|0|0|0|0|36|4|0|0|0|1|0|0|1|0|0|0|-|-|
110|5|11|1|4|Staff of Kundun|0|0|1|1|1|0|55|61|30|0|0|0|0|45|16|0|0|0|2|0|0|1|0|0|0|-|-|
111|5|12|1|4|Grand Viper Staff|0|0|1|1|1|0|66|74|30|0|0|0|380|39|13|0|0|0|2|0|0|0|0|0|0|-|-|
112|5|13|1|4|Platina Staff|0|0|1|1|1|0|51|53|30|0|0|0|0|50|16|0|0|0|2|0|0|0|0|0|0|-|-|
113|5|14|1|4|Mystery Stick|0|0|1|1|1|0|17|18|25|0|0|0|0|34|14|0|0|0|0|0|0|0|0|1|0|-|-|
114|5|15|1|4|Violent Wind Stick|0|0|1|1|1|0|23|25|25|0|0|0|0|33|17|0|0|0|0|0|0|0|0|1|0|-|-|
115|5|16|1|4|Red Wing Stick|0|0|1|1|1|0|29|31|25|0|0|0|0|36|14|0|0|0|0|0|0|0|0|1|0|-|-|
116|5|17|1|4|Ancient Stick|0|0|1|1|1|0|38|40|25|0|0|0|0|50|19|0|0|0|0|0|0|0|0|1|0|-|-|
117|5|18|1|4|Demonic Stick|0|0|1|1|1|0|46|48|30|0|0|0|0|54|15|0|0|0|0|0|0|0|0|2|0|-|-|
118|5|19|1|4|Storm Blitz Stick|0|0|1|1|1|0|51|53|30|0|0|0|380|64|15|0|0|0|0|0|0|0|0|2|0|-|-|
119|5|20|1|4|Dimension Slayer Stick|0|0|1|1|1|0|74|76|30|0|0|0|0|82|28|0|0|0|0|0|0|0|0|2|0|-|-|
120|5|21|1|2|Book of Samut|0|223|1|1|1|0|0|0|25|0|0|0|0|0|20|135|0|0|0|0|0|0|0|1|0|-|-|
121|5|22|1|2|Book of Neil|0|224|1|1|1|0|0|0|25|0|0|0|0|0|25|168|0|0|0|0|0|0|0|1|0|-|-|
122|5|23|1|2|Book of Lagle|0|225|1|1|1|0|0|0|25|0|0|0|0|0|30|201|0|0|0|0|0|0|0|1|0|-|-|
123|5|30|1|4|Deadly Staff|0|0|1|1|1|0|57|59|30|0|0|0|380|47|18|0|0|0|0|0|0|1|0|0|0|-|-|
124|5|31|1|4|Inberial Staff|0|0|1|1|1|0|57|61|30|0|0|0|380|48|14|0|0|0|2|0|0|0|0|0|0|-|-|
125|5|32|1|4|Merlin Staff|0|0|1|1|1|0|70|80|30|0|0|0|0|53|15|0|0|0|2|0|0|0|0|2|0|-|-|
126|5|33|1|4|Chromatic Staff|0|0|1|1|1|0|55|57|30|0|0|0|0|50|12|0|0|0|2|0|0|1|0|0|0|-|-|
127|5|34|1|4|Raven Stick|0|0|1|1|1|0|70|78|30|0|0|0|0|50|14|0|0|0|0|0|0|0|0|2|0|-|-|
128|6|0|2|2|Small Shield|1|0|1|1|1|0|0|0|0|1|3|22|0|70|0|0|0|0|1|1|1|1|1|0|0|Anonymous|-|
129|6|1|2|2|Horn Shield|1|0|1|1|1|0|0|0|0|3|9|28|0|100|0|0|0|0|0|1|0|1|1|0|0|-|-|
130|6|2|2|2|Kite Shield|1|0|1|1|1|0|0|0|0|4|12|32|0|110|0|0|0|0|0|1|0|1|1|0|0|-|-|
131|6|3|2|2|Elven Shield|1|0|1|1|1|0|0|0|0|8|21|36|0|30|100|0|0|0|0|0|1|0|0|0|0|-|-|
132|6|4|2|2|Buckler|1|18|1|1|1|0|0|0|0|2|6|24|0|80|0|0|0|0|1|1|1|1|1|0|0|-|-|
133|6|5|2|2|Dragon Slayer Shield|1|18|1|1|1|0|0|0|0|10|36|44|0|100|40|0|0|0|0|1|0|1|1|0|0|-|-|
134|6|6|2|2|Skull Shield|1|18|1|1|1|0|0|0|0|5|15|34|0|110|0|0|0|0|1|1|1|1|1|0|0|Heras|-|
135|6|7|2|2|Spiked Shield|1|18|1|1|1|0|0|0|0|9|30|40|0|130|0|0|0|0|0|1|0|1|1|0|0|-|-|
136|6|8|2|2|Tower Shield|1|18|1|1|1|0|0|0|0|11|40|46|0|130|0|0|0|0|0|1|1|1|1|0|0|-|-|
137|6|9|2|2|Plate Shield|1|18|1|1|1|0|0|0|0|8|25|38|0|120|0|0|0|0|0|1|0|1|1|0|0|Eplete|-|
138|6|10|2|2|Large Round Shield|1|18|1|1|1|0|0|0|0|6|18|35|0|120|0|0|0|0|0|1|0|1|1|0|0|-|-|
139|6|11|2|2|Serpent Shield|1|18|1|1|1|0|0|0|0|12|45|48|0|130|0|0|0|0|0|1|1|1|1|0|0|-|-|
140|6|12|2|2|Bronze Shield|1|18|1|1|1|0|0|0|0|13|54|52|0|140|0|0|0|0|0|1|0|1|0|0|0|-|-|
141|6|13|2|2|Dragon Shield|1|18|1|1|1|0|0|0|0|14|60|60|0|120|40|0|0|0|0|1|0|1|0|0|0|-|-|
142|6|14|2|3|Legendary Shield|1|0|1|1|1|0|0|0|0|7|48|50|0|90|25|0|0|0|1|0|1|1|0|0|0|-|-|
143|6|15|2|3|Grand Soul Shield|1|0|1|1|1|0|0|0|0|12|55|55|0|70|23|0|0|0|2|0|0|0|0|0|0|-|-|
144|6|16|2|2|Elemental Shield|1|0|1|1|1|0|0|0|0|11|28|51|0|30|60|30|0|0|0|0|2|0|0|0|0|-|-|
145|6|17|2|2|Crimson Glory|1|18|1|1|1|0|0|0|0|19|90|51|380|95|48|0|0|0|0|2|0|0|0|0|0|-|-|
146|6|18|2|2|Salamander Shield|1|18|1|1|1|0|0|0|0|20|96|51|380|80|61|0|0|0|0|0|0|1|0|0|0|-|-|
147|6|19|2|2|Frost Barrier|1|0|1|1|1|0|0|0|0|14|58|51|380|26|53|26|0|0|0|0|2|0|0|0|0|-|-|
148|6|20|2|2|Guardian Shield|1|18|1|1|1|0|0|0|0|12|30|51|380|54|18|0|0|0|2|0|0|0|0|0|0|-|-|
149|6|21|2|2|Cross Shield|1|18|1|1|1|0|0|0|0|16|75|65|0|140|55|0|0|0|0|0|0|0|1|0|0|-|-|
150|7|0|2|2|Bronze Helm|1|0|1|1|1|0|0|0|0|9|0|34|0|80|20|0|0|0|0|1|0|0|1|0|0|Mist|-|
151|7|1|2|2|Dragon Helm|1|0|1|1|1|0|0|0|0|24|0|68|0|120|30|0|0|0|0|1|0|0|0|0|0|Hyon|Vicious|
152|7|2|2|2|Pad Helm|1|0|1|1|1|0|0|0|0|4|0|28|0|20|0|0|0|0|1|0|0|0|0|0|0|Apollo|Barnake|
153|7|3|2|2|Legendary Helm|1|0|1|1|1|0|0|0|0|18|0|42|0|30|0|0|0|0|1|0|0|0|0|0|0|Anubis|Enis|
154|7|4|2|2|Bone Helm|1|0|1|1|1|0|0|0|0|9|0|30|0|30|0|0|0|0|1|0|0|0|0|0|0|Sylion|-|
155|7|5|2|2|Leather Helm|1|0|1|1|1|0|0|0|0|5|0|30|0|80|0|0|0|0|0|1|0|0|1|0|1|Warrior|Anonymous|
156|7|6|2|2|Scale Helm|1|0|1|1|1|0|0|0|0|12|0|40|0|110|0|0|0|0|0|1|0|0|1|0|1|Eplete|Berserker|
157|7|7|2|2|Sphinx Mask|1|0|1|1|1|0|0|0|0|13|0|36|0|30|0|0|0|0|1|0|0|0|0|0|0|Heras|-|
158|7|8|2|2|Brass Helm|1|0|1|1|1|0|0|0|0|17|0|44|0|100|30|0|0|0|0|1|0|0|0|0|1|Cloud|-|
159|7|9|2|2|Plate Helm|1|0|1|1|1|0|0|0|0|20|0|50|0|130|0|0|0|0|0|1|0|0|0|0|1|Rave|-|
160|7|10|2|2|Vine Helm|1|0|1|1|1|0|0|0|0|4|0|22|0|30|60|0|0|0|0|0|1|0|0|0|0|Ceto|Drake|
161|7|11|2|2|Silk Helm|1|0|1|1|1|0|0|0|0|8|0|26|0|30|70|0|0|0|0|0|1|0|0|0|0|Gaia|-|
162|7|12|2|2|Wind Helm|1|0|1|1|1|0|0|0|0|12|0|32|0|30|80|0|0|0|0|0|1|0|0|0|0|Odin|-|
163|7|13|2|2|Spirit Helm|1|0|1|1|1|0|0|0|0|16|0|38|0|40|80|0|0|0|0|0|1|0|0|0|0|Karis|-|
164|7|14|2|2|Guardian Helm|1|0|1|1|1|0|0|0|0|23|0|45|0|40|80|0|0|0|0|0|1|0|0|0|0|-|Aruan|
165|7|16|2|2|Black Dragon Helm|1|0|1|1|1|0|0|0|0|30|0|74|0|170|60|0|0|0|0|1|0|0|0|0|0|-|-|
166|7|17|2|2|Dark Phoenix Helm|1|0|1|1|1|0|0|0|0|43|0|80|0|205|62|0|0|0|0|2|0|0|0|0|0|-|-|
167|7|18|2|2|Grand Soul Helm|1|0|1|1|1|0|0|0|0|27|0|67|0|59|20|0|0|0|2|0|0|0|0|0|0|-|-|
168|7|19|2|2|Divine Helm|1|0|1|1|1|0|0|0|0|37|0|74|0|50|110|0|0|0|0|0|2|0|0|0|0|-|-|
169|7|21|2|2|Great Dragon Helm|1|0|1|1|1|0|0|0|0|53|0|86|0|200|58|0|0|0|0|2|0|0|0|0|0|-|-|
170|7|22|2|2|Dark Soul Helm|1|0|1|1|1|0|0|0|0|36|0|75|0|55|18|0|0|0|2|0|0|0|0|0|0|-|-|
171|7|24|2|2|Red Spirit Helm|1|0|1|1|1|0|0|0|0|46|0|80|0|52|115|0|0|0|0|0|2|0|0|0|0|-|-|
172|7|25|2|2|Light Plate Mask|1|0|1|1|1|0|0|0|0|20|0|42|0|70|20|0|0|0|0|0|0|0|1|0|0|-|-|
173|7|26|2|2|Adamantine Mask|1|0|1|1|1|0|0|0|0|24|0|56|0|77|21|0|0|0|0|0|0|0|1|0|0|Agnis|-|
174|7|27|2|2|Dark Steel Mask|1|0|1|1|1|0|0|0|0|26|0|70|0|84|22|0|0|0|0|0|0|0|1|0|0|-|-|
175|7|28|2|2|Dark Master Mask|1|0|1|1|1|0|0|0|0|34|0|78|0|80|21|0|0|0|0|0|0|0|1|0|0|-|-|
176|7|29|2|2|Dragon Knight Helm|1|0|1|1|1|0|0|0|0|66|0|90|380|170|60|0|0|0|0|2|0|0|0|0|0|-|-|
177|7|30|2|2|Venom Mist Helm|1|0|1|1|1|0|0|0|0|48|0|86|380|44|15|0|0|0|2|0|0|0|0|0|0|-|-|
178|7|31|2|2|Sylphid Ray Helm|1|0|1|1|1|0|0|0|0|57|0|86|380|38|80|0|0|0|0|0|2|0|0|0|0|-|-|
179|7|33|2|2|Sunlight Mask|1|0|1|1|1|0|0|0|0|46|0|82|380|62|16|0|0|0|0|0|0|0|1|0|0|-|-|
180|7|34|2|2|Ashcrow Helm|1|0|1|1|1|0|0|0|0|27|0|72|0|160|50|0|0|0|0|1|0|0|0|0|0|-|-|
181|7|35|2|2|Eclipse Helm|1|0|1|1|1|0|0|0|0|22|0|54|0|53|12|0|0|0|1|0|0|0|0|0|0|-|-|
182|7|36|2|2|Iris Helm|1|0|1|1|1|0|0|0|0|30|0|59|0|50|70|0|0|0|0|0|1|0|0|0|0|-|-|
183|7|38|2|2|Glorious Mask|1|0|1|1|1|0|0|0|0|30|0|74|0|80|21|0|0|0|0|0|0|0|1|0|0|-|-|
184|7|39|2|2|Violent Wind Helm|1|0|1|1|1|0|0|0|0|13|0|36|0|31|0|0|0|0|0|0|0|0|0|1|0|-|-|
185|7|40|2|2|Red Wing Helm|1|0|1|1|1|0|0|0|0|18|0|42|0|26|4|0|0|0|0|0|0|0|0|1|0|Chrono|Semeden|
186|7|41|2|2|Ancient Helm|1|0|1|1|1|0|0|0|0|24|0|54|0|52|16|0|0|0|0|0|0|0|0|1|0|-|-|
187|7|42|2|2|Demonic Helm|1|0|1|1|1|0|0|0|0|32|0|67|0|60|20|0|0|0|0|0|0|0|0|2|0|-|-|
188|7|43|2|2|Storm Blitz Helm|1|0|1|1|1|0|0|0|0|43|0|75|380|56|20|0|0|0|0|0|0|0|0|2|0|-|-|
189|7|44|2|2|Dark Agatha Helm|1|0|1|1|1|0|0|0|0|41|0|95|0|73|26|0|0|0|0|0|0|0|0|2|0|-|-|
190|7|45|2|2|Titan Helm|1|0|1|1|1|0|0|0|0|63|0|86|380|222|32|0|0|0|0|1|0|0|0|0|0|-|-|
191|7|46|2|2|Brave Helm|1|0|1|1|1|0|0|0|0|51|0|86|380|74|162|0|0|0|0|1|0|0|0|0|0|-|-|
192|7|49|2|2|Seraphim Helm|1|0|1|1|1|0|0|0|0|50|0|86|380|55|197|0|0|0|0|0|1|0|0|0|0|-|-|
193|7|50|2|2|Divine Helm|1|0|1|1|1|0|0|0|0|44|0|86|380|32|29|138|0|0|0|0|1|0|0|0|0|-|-|
194|7|51|2|2|Royal Mask|1|0|1|1|1|0|0|0|0|44|0|86|380|105|38|0|0|0|0|0|0|0|1|0|0|-|-|
195|7|52|2|2|Hades Helm|1|0|1|1|1|0|0|0|0|41|0|86|380|60|15|181|0|0|1|0|0|0|0|0|0|-|-|
196|7|53|2|2|Queen Helm|1|0|1|1|1|0|0|0|0|41|0|86|0|48|22|0|0|0|0|0|0|0|0|1|0|-|-|
197|7|59|2|2|Sacred Helm|1|0|1|1|1|0|0|0|0|24|0|52|0|85|0|0|0|0|0|0|0|0|0|0|1|Vega|-|
198|7|60|2|2|Storm Hard Helm|1|0|1|1|1|0|0|0|0|32|0|68|0|100|0|0|0|0|0|0|0|0|0|0|1|-|-|
199|7|61|2|2|Piercing Helm|1|0|1|1|1|0|0|0|0|45|0|82|0|115|0|0|0|0|0|0|0|0|0|0|1|-|-|
200|7|62|2|2|Scale Helm|1|0|1|1|1|0|0|0|0|16|0|255|1|0|0|0|0|0|0|1|0|0|1|0|1|-|-|
201|7|63|2|2|Silk Helm|1|0|1|1|1|0|0|0|0|11|0|255|1|0|0|0|0|0|0|0|1|0|0|0|0|-|-|
202|7|64|2|2|Sphinx Helm|1|0|1|1|1|0|0|0|0|17|0|255|1|0|0|0|0|0|1|0|0|0|0|0|0|-|-|
203|7|65|2|2|Wind Helm|1|0|1|1|1|0|0|0|0|17|0|255|1|0|0|0|0|0|0|0|1|0|0|1|0|-|-|
204|7|66|2|2|Dark Soul Helm|1|0|1|1|1|0|0|0|0|29|0|255|150|0|0|0|0|0|1|0|0|0|1|0|0|-|-|
205|7|67|2|2|Dragon Helm|1|0|1|1|1|0|0|0|0|29|0|255|150|0|0|0|0|0|0|1|0|0|0|0|0|-|-|
206|7|68|2|2|Guardian Helm|1|0|1|1|1|0|0|0|0|28|0|255|150|0|0|0|0|0|0|0|1|0|0|0|0|-|-|
207|7|69|2|2|Legendary Helm|1|0|1|1|1|0|0|0|0|23|0|255|150|0|0|0|0|0|1|0|0|0|0|0|0|-|-|
208|7|70|2|2|Red Wing Helm|1|0|1|1|1|0|0|0|0|20|0|255|150|0|0|0|0|0|0|0|0|0|0|1|0|-|-|
209|7|72|2|2|Storm Hard Helm|1|0|1|1|1|0|0|0|0|32|0|255|150|0|0|0|0|0|0|0|0|0|0|0|1|-|-|
210|8|0|2|2|Bronze Armor|1|0|1|1|1|0|0|0|0|14|0|34|0|80|20|0|0|0|0|1|0|1|1|0|0|Hyperion|-|
211|8|1|2|3|Dragon Armor|1|0|1|1|1|0|0|0|0|37|0|68|0|120|30|0|0|0|0|1|0|1|0|0|0|-|Vicious|
212|8|2|2|2|Pad Armor|1|0|1|1|1|0|0|0|0|7|0|28|0|30|0|0|0|0|1|0|0|1|0|0|0|Apollo|-|
213|8|3|2|2|Legendary Armor|1|0|1|1|1|0|0|0|0|22|0|42|0|40|0|0|0|0|1|0|0|1|0|0|0|Anubis|Enis|
214|8|4|2|2|Bone Armor|1|0|1|1|1|0|0|0|0|13|0|30|0|40|0|0|0|0|1|0|0|1|0|0|0|Evis|Sylion|
215|8|5|2|3|Leather Armor|1|0|1|1|1|0|0|0|0|10|0|30|0|80|0|0|0|0|0|1|0|1|1|0|1|Warrior|-|
216|8|6|2|2|Scale Armor|1|0|1|1|1|0|0|0|0|18|0|40|0|110|0|0|0|0|0|1|0|1|1|0|1|Eplete|Berserker|
217|8|7|2|3|Sphinx Armor|1|0|1|1|1|0|0|0|0|17|0|36|0|40|0|0|0|0|1|0|0|1|0|0|0|Heras|Minet|
218|8|8|2|2|Brass Armor|1|0|1|1|1|0|0|0|0|22|0|44|0|100|30|0|0|0|0|1|0|1|0|0|1|Garuda|-|
219|8|9|2|2|Plate Armor|1|0|1|1|1|0|0|0|0|30|0|50|0|130|0|0|0|0|0|1|0|1|0|0|1|Kantata|Rave|
220|8|10|2|2|Vine Armor|1|0|1|1|1|0|0|0|0|8|0|22|0|30|60|0|0|0|0|1|0|1|0|0|0|Drake|-|
221|8|11|2|2|Silk Armor|1|0|1|1|1|0|0|0|0|12|0|26|0|30|70|0|0|0|0|0|1|0|0|0|0|Gaia|-|
222|8|12|2|2|Wind Armor|1|0|1|1|1|0|0|0|0|16|0|32|0|30|80|0|0|0|0|0|1|0|0|0|0|Odin|-|
223|8|13|2|2|Spirit Armor|1|0|1|1|1|0|0|0|0|21|0|38|0|40|80|0|0|0|0|0|1|0|0|0|0|Argo|-|
224|8|14|2|2|Guardian Armor|1|0|1|1|1|0|0|0|0|29|0|45|0|40|80|0|0|0|0|0|1|0|0|0|0|Gywen|Aruan|
225|8|15|2|3|Storm Crow Armor|1|0|1|1|1|0|0|0|0|44|0|80|0|150|70|0|0|0|0|0|0|1|0|0|0|Gaion|Muren|
226|8|16|2|3|Black Dragon Armor|1|0|1|1|1|0|0|0|0|48|0|74|0|170|60|0|0|0|0|1|0|0|0|0|0|-|-|
227|8|17|2|3|Dark Phoenix Armor|1|0|1|1|1|0|0|0|0|63|0|80|0|214|65|0|0|0|0|2|0|0|0|0|0|-|-|
228|8|18|2|3|Grand Soul Armor|1|0|1|1|1|0|0|0|0|33|0|67|0|59|20|0|0|0|2|0|0|0|0|0|0|-|-|
229|8|19|2|2|Divine Armor|1|0|1|1|1|0|0|0|0|44|0|74|0|50|110|0|0|0|0|0|2|0|0|0|0|-|-|
230|8|20|2|3|Thunder Hawk Armor|1|0|1|1|1|0|0|0|0|60|0|82|0|170|70|0|0|0|0|0|0|1|0|0|0|-|-|
231|8|21|2|3|Great Dragon Armor|1|0|1|1|1|0|0|0|0|75|0|86|0|200|58|0|0|0|0|2|0|0|0|0|0|-|-|
232|8|22|2|3|Dark Soul Armor|1|0|1|1|1|0|0|0|0|43|0|75|0|55|18|0|0|0|2|0|0|0|0|0|0|-|-|
233|8|23|2|3|Hurricane Armor|1|0|1|1|1|0|0|0|0|73|0|90|0|162|66|0|0|0|0|0|0|1|0|0|0|-|-|
234|8|24|2|2|Red Sprit Armor|1|0|1|1|1|0|0|0|0|55|0|80|0|52|115|0|0|0|0|0|2|0|0|0|0|-|-|
235|8|25|2|3|Light Plate Armor|1|0|1|1|1|0|0|0|0|25|0|42|0|70|20|0|0|0|0|0|0|0|1|0|0|-|-|
236|8|26|2|3|Adamantine Armor|1|0|1|1|1|0|0|0|0|36|0|56|0|77|21|0|0|0|0|0|0|0|1|0|0|Agnis|-|
237|8|27|2|3|Dark Steel Armor|1|0|1|1|1|0|0|0|0|43|0|70|0|84|22|0|0|0|0|0|0|0|1|0|0|-|-|
238|8|28|2|3|Dark Master Armor|1|0|1|1|1|0|0|0|0|51|0|78|0|80|21|0|0|0|0|0|0|0|1|0|0|-|-|
239|8|29|2|3|Dragon Knight Armor|1|0|1|1|1|0|0|0|0|88|0|90|380|170|60|0|0|0|0|2|0|0|0|0|0|-|-|
240|8|30|2|3|Venom Mist Armor|1|0|1|1|1|0|0|0|0|57|0|86|380|44|15|0|0|0|2|0|0|0|0|0|0|-|-|
241|8|31|2|3|Sylphid Ray Armor|1|0|1|1|1|0|0|0|0|68|0|86|380|38|80|0|0|0|0|0|2|0|0|0|0|-|-|
242|8|32|2|3|Volcano Armor|1|0|1|1|1|0|0|0|0|86|0|95|380|145|60|0|0|0|0|0|0|1|0|0|0|-|-|
243|8|33|2|3|Sunlight Armor|1|0|1|1|1|0|0|0|0|64|0|82|380|62|16|0|0|0|0|0|0|0|1|0|0|-|-|
244|8|34|2|3|Ashcrow Armor|1|0|1|1|1|0|0|0|0|42|0|72|0|160|50|0|0|0|0|1|0|0|0|0|0|-|-|
245|8|35|2|3|Eclipse Armor|1|0|1|1|1|0|0|0|0|27|0|54|0|53|12|0|0|0|1|0|0|0|0|0|0|-|-|
246|8|36|2|3|Iris Armor|1|0|1|1|1|0|0|0|0|36|0|59|0|50|70|0|0|0|0|0|1|0|0|0|0|-|-|
247|8|37|2|3|Valiant Armor|1|0|1|1|1|0|0|0|0|52|0|81|0|155|50|0|0|0|0|0|0|1|0|0|0|-|-|
248|8|38|2|3|Glorious Armor|1|0|1|1|1|0|0|0|0|47|0|74|0|80|21|0|0|0|0|0|0|0|1|0|0|-|-|
249|8|39|2|2|Violent Wind Armor|1|0|1|1|1|0|0|0|0|22|0|36|0|39|0|0|0|0|0|0|0|0|0|1|0|-|-|
250|8|40|2|2|Red Wing Armor|1|0|1|1|1|0|0|0|0|28|0|42|0|35|8|0|0|0|0|0|0|0|0|1|0|-|Semeden|
251|8|41|2|2|Ancient Armor|1|0|1|1|1|0|0|0|0|35|0|54|0|52|16|0|0|0|0|0|0|0|0|1|0|-|-|
252|8|42|2|2|Demonic Armor|1|0|1|1|1|0|0|0|0|45|0|67|0|60|20|0|0|0|0|0|0|0|0|2|0|-|-|
253|8|43|2|2|Storm Blitz Armor|1|0|1|1|1|0|0|0|0|56|0|75|380|57|19|0|0|0|0|0|0|0|0|2|0|-|-|
254|8|44|2|2|Dark Agatha Armor|1|0|1|1|1|0|0|0|0|49|0|95|0|78|28|0|0|0|0|0|0|0|0|2|0|-|-|
255|8|45|2|3|Titan Armor|1|0|1|1|1|0|0|0|0|81|0|86|380|222|32|0|0|0|0|1|0|0|0|0|0|-|-|
256|8|46|2|3|Brave Armor|1|0|1|1|1|0|0|0|0|62|0|86|380|74|162|0|0|0|0|1|0|0|0|0|0|-|-|
257|8|47|2|3|Phantom Armor|1|0|1|1|1|0|0|0|0|80|0|86|380|212|57|0|0|0|0|0|0|1|0|0|0|-|-|
258|8|48|2|3|Destroy Armor|1|0|1|1|1|0|0|0|0|66|0|86|380|62|19|165|0|0|0|0|0|1|0|0|0|-|-|
259|8|49|2|2|Seraphim Armor|1|0|1|1|1|0|0|0|0|60|0|86|380|55|197|0|0|0|0|0|1|0|0|0|0|-|-|
260|8|50|2|2|Divine Armor|1|0|1|1|1|0|0|0|0|52|0|86|380|32|29|138|0|0|0|0|1|0|0|0|0|-|-|
261|8|51|2|3|Royal Armor|1|0|1|1|1|0|0|0|0|58|0|86|380|105|38|0|0|0|0|0|0|0|1|0|0|-|-|
262|8|52|2|3|Hades Armor|1|0|1|1|1|0|0|0|0|50|0|86|380|60|15|181|0|0|1|0|0|0|0|0|0|-|-|
263|8|53|2|3|Queen Armor|1|0|1|1|1|0|0|0|0|50|0|86|0|48|22|0|0|0|0|0|0|0|0|1|0|-|-|
264|8|59|2|3|Sacred Armor|1|0|1|1|1|0|0|0|0|43|0|52|0|85|0|0|0|0|0|0|0|0|0|0|1|Vega|Chameren|
265|8|60|2|3|Storm Hard Armor|1|0|1|1|1|0|0|0|0|51|0|68|0|100|0|0|0|0|0|0|0|0|0|0|1|-|-|
266|8|61|2|3|Piercing Armor|1|0|1|1|1|0|0|0|0|59|0|82|0|115|0|0|0|0|0|0|0|0|0|0|1|-|-|
267|8|62|2|2|Scale Armor|1|0|1|1|1|0|0|0|0|21|0|255|1|0|0|0|0|0|0|1|0|0|1|0|1|-|-|
268|8|63|2|2|Silk Armor|1|0|1|1|1|0|0|0|0|14|0|255|1|0|0|0|0|0|0|0|1|0|0|0|0|-|-|
269|8|64|2|3|Sphinx Armor|1|0|1|1|1|0|0|0|0|19|0|255|1|0|0|0|0|0|1|0|0|0|0|0|0|-|-|
270|8|65|2|2|Wind Armor|1|0|1|1|1|0|0|0|0|26|0|255|1|0|0|0|0|0|0|0|1|0|0|1|0|-|-|
271|8|66|2|3|Dark Soul Armor|1|0|1|1|1|0|0|0|0|39|0|255|150|0|0|0|0|0|1|0|0|0|1|0|0|-|-|
272|8|67|2|3|Dragon Armor|1|0|1|1|1|0|0|0|0|42|0|255|150|0|0|0|0|0|0|1|0|0|0|0|0|-|-|
273|8|68|2|2|Guardian Armor|1|0|1|1|1|0|0|0|0|29|0|255|150|0|0|0|0|0|0|0|1|0|0|0|0|-|-|
274|8|69|2|2|Legendary Armor|1|0|1|1|1|0|0|0|0|24|0|255|150|0|0|0|0|0|1|0|0|0|0|0|0|-|-|
275|8|70|2|2|Red Wing Armor|1|0|1|1|1|0|0|0|0|31|0|255|150|0|0|0|0|0|0|0|0|0|0|1|0|-|-|
276|8|71|2|3|Storm Crow Armor|1|0|1|1|1|0|0|0|0|47|0|255|150|0|0|0|0|0|0|0|0|1|0|0|0|-|-|
277|8|72|2|3|Storm Hard Armor|1|0|1|1|1|0|0|0|0|43|0|255|150|0|0|0|0|0|0|0|0|0|0|0|1|-|-|
278|9|0|2|2|Bronze Pants|1|0|1|1|1|0|0|0|0|10|0|34|0|80|20|0|0|0|0|1|0|1|1|0|0|Hyperion|Mist|
279|9|1|2|2|Dragon Pants|1|0|1|1|1|0|0|0|0|26|0|68|0|120|30|0|0|0|0|1|0|1|0|0|0|-|Vicious|
280|9|2|2|2|Pad Pants|1|0|1|1|1|0|0|0|0|5|0|28|0|30|0|0|0|0|1|0|0|1|0|0|0|Apollo|Barnake|
281|9|3|2|2|Legendary Pants|1|0|1|1|1|0|0|0|0|20|0|42|0|40|0|0|0|0|1|0|0|1|0|0|0|-|Enis|
282|9|4|2|2|Bone Pants|1|0|1|1|1|0|0|0|0|10|0|30|0|40|0|0|0|0|1|0|0|1|0|0|0|Evis|-|
283|9|5|2|2|Leather Pants|1|0|1|1|1|0|0|0|0|7|0|30|0|80|0|0|0|0|0|1|0|1|1|0|1|Warrior|Anonymous|
284|9|6|2|2|Scale Pants|1|0|1|1|1|0|0|0|0|14|0|40|0|110|0|0|0|0|0|1|0|1|1|0|1|Eplete|Berserker|
285|9|7|2|2|Sphinx Pants|1|0|1|1|1|0|0|0|0|15|0|36|0|40|0|0|0|0|1|0|0|1|0|0|0|Heras|Minet|
286|9|8|2|2|Brass Pants|1|0|1|1|1|0|0|0|0|18|0|44|0|100|30|0|0|0|0|1|0|1|0|0|1|Garuda|Cloud|
287|9|9|2|2|Plate Pants|1|0|1|1|1|0|0|0|0|22|0|50|0|130|0|0|0|0|0|1|0|1|0|0|1|Rave|-|
288|9|10|2|2|Vine Pants|1|0|1|1|1|0|0|0|0|6|0|22|0|30|60|0|0|0|0|0|1|0|0|0|0|Ceto|Drake|
289|9|11|2|2|Silk Pants|1|0|1|1|1|0|0|0|0|10|0|26|0|30|70|0|0|0|0|0|1|0|0|0|0|Gaia|Fase|
290|9|12|2|2|Wind Pants|1|0|1|1|1|0|0|0|0|14|0|32|0|30|80|0|0|0|0|0|1|0|0|0|0|Odin|Elvian|
291|9|13|2|2|Spirit Pants|1|0|1|1|1|0|0|0|0|18|0|38|0|40|80|0|0|0|0|0|1|0|0|0|0|Argo|Karis|
292|9|14|2|2|Guardian Pants|1|0|1|1|1|0|0|0|0|25|0|45|0|40|80|0|0|0|0|0|1|0|0|0|0|-|Aruan|
293|9|15|2|2|Storm Crow Pants|1|0|1|1|1|0|0|0|0|34|0|80|0|150|70|0|0|0|0|0|0|1|0|0|0|Gaion|Muren|
294|9|16|2|2|Black Dragon Pants|1|0|1|1|1|0|0|0|0|40|0|74|0|170|60|0|0|0|0|1|0|0|0|0|0|-|-|
295|9|17|2|2|Dark Phoenix Pants|1|0|1|1|1|0|0|0|0|54|0|80|0|207|63|0|0|0|0|2|0|0|0|0|0|-|-|
296|9|18|2|2|Grand Soul Pants|1|0|1|1|1|0|0|0|0|30|0|67|0|59|20|0|0|0|2|0|0|0|0|0|0|-|-|
297|9|19|2|2|Divine Pants|1|0|1|1|1|0|0|0|0|39|0|74|0|50|110|0|0|0|0|0|2|0|0|0|0|-|-|
298|9|20|2|2|Thunder Hawk Pants|1|0|1|1|1|0|0|0|0|49|0|82|0|150|70|0|0|0|0|0|0|1|0|0|0|-|-|
299|9|21|2|2|Great Dragon Pants|1|0|1|1|1|0|0|0|0|65|0|86|0|200|58|0|0|0|0|2|0|0|0|0|0|-|-|
300|9|22|2|2|Dark Soul Pants|1|0|1|1|1|0|0|0|0|39|0|75|0|55|18|0|0|0|2|0|0|0|0|0|0|-|-|
301|9|23|2|2|Hurricane Pants|1|0|1|1|1|0|0|0|0|61|0|90|0|162|66|0|0|0|0|0|0|1|0|0|0|-|-|
302|9|24|2|2|Red Spirit Pants|1|0|1|1|1|0|0|0|0|48|0|80|0|52|115|0|0|0|0|0|2|0|0|0|0|-|-|
303|9|25|2|2|Light Plate Pants|1|0|1|1|1|0|0|0|0|21|0|42|0|70|20|0|0|0|0|0|0|0|1|0|0|-|-|
304|9|26|2|2|Adamantine Pants|1|0|1|1|1|0|0|0|0|26|0|56|0|77|21|0|0|0|0|0|0|0|1|0|0|Agnis|Broy|
305|9|27|2|2|Dark Steel Pants|1|0|1|1|1|0|0|0|0|31|0|70|0|84|22|0|0|0|0|0|0|0|1|0|0|-|-|
306|9|28|2|2|Dark Master Pants|1|0|1|1|1|0|0|0|0|39|0|78|0|80|21|0|0|0|0|0|0|0|1|0|0|-|-|
307|9|29|2|2|Dragon Knight Pants|1|0|1|1|1|0|0|0|0|78|0|90|380|170|60|0|0|0|0|2|0|0|0|0|0|-|-|
308|9|30|2|2|Venom Mist Pants|1|0|1|1|1|0|0|0|0|55|0|86|380|44|15|0|0|0|2|0|0|0|0|0|0|-|-|
309|9|31|2|2|Sylphid Ray Pants|1|0|1|1|1|0|0|0|0|61|0|86|380|38|80|0|0|0|0|0|2|0|0|0|0|-|-|
310|9|32|2|2|Volcano Pants|1|0|1|1|1|0|0|0|0|74|0|95|380|145|60|0|0|0|0|0|0|1|0|0|0|-|-|
311|9|33|2|2|Sunlight Pants|1|0|1|1|1|0|0|0|0|52|0|82|380|62|16|0|0|0|0|0|0|0|1|0|0|-|-|
312|9|34|2|2|Ashcrow Pants|1|0|1|1|1|0|0|0|0|33|0|72|0|160|50|0|0|0|0|1|0|0|0|0|0|-|-|
313|9|35|2|2|Eclipse Pants|1|0|1|1|1|0|0|0|0|25|0|54|0|53|12|0|0|0|1|0|0|0|0|0|0|-|-|
314|9|36|2|2|Iris Pants|1|0|1|1|1|0|0|0|0|32|0|59|0|50|70|0|0|0|0|0|1|0|0|0|0|-|-|
315|9|37|2|2|Valiant Pants|1|0|1|1|1|0|0|0|0|41|0|81|0|155|50|0|0|0|0|0|0|1|0|0|0|-|-|
316|9|38|2|2|Glorious Pants|1|0|1|1|1|0|0|0|0|35|0|74|0|80|21|0|0|0|0|0|0|0|1|0|0|-|-|
317|9|39|2|2|Violent Wind Pants|1|0|1|1|1|0|0|0|0|16|0|36|0|36|0|0|0|0|0|0|0|0|0|1|0|-|-|
318|9|40|2|2|Red Wing Pants|1|0|1|1|1|0|0|0|0|22|0|42|0|35|7|0|0|0|0|0|0|0|0|1|0|Chrono|-|
319|9|41|2|2|Ancient Pants|1|0|1|1|1|0|0|0|0|28|0|54|0|49|16|0|0|0|0|0|0|0|0|1|0|-|-|
320|9|42|2|2|Demonic Pants|1|0|1|1|1|0|0|0|0|37|0|67|0|60|20|0|0|0|0|0|0|0|0|2|0|-|-|
321|9|43|2|2|Storm Blitz Pants|1|0|1|1|1|0|0|0|0|49|0|75|380|57|19|0|0|0|0|0|0|0|0|2|0|-|-|
322|9|44|2|2|Dark Agatha Pants|1|0|1|1|1|0|0|0|0|41|0|89|0|66|24|0|0|0|0|0|0|0|0|2|0|-|-|
323|9|45|2|2|Titan Pants|1|0|1|1|1|0|0|0|0|74|0|86|380|222|32|0|0|0|0|1|0|0|0|0|0|-|-|
324|9|46|2|2|Brave Pants|1|0|1|1|1|0|0|0|0|58|0|86|380|74|162|0|0|0|0|1|0|0|0|0|0|-|-|
325|9|47|2|2|Phantom Pants|1|0|1|1|1|0|0|0|0|66|0|86|380|212|57|0|0|0|0|0|0|1|0|0|0|-|-|
326|9|48|2|2|Destroy Pants|1|0|1|1|1|0|0|0|0|51|0|86|380|62|19|165|0|0|0|0|0|1|0|0|0|-|-|
327|9|49|2|2|Seraphim Pants|1|0|1|1|1|0|0|0|0|53|0|86|380|55|197|0|0|0|0|0|1|0|0|0|0|-|-|
328|9|50|2|2|Divine Pants|1|0|1|1|1|0|0|0|0|46|0|86|380|32|29|138|0|0|0|0|1|0|0|0|0|-|-|
329|9|51|2|2|Royal Pants|1|0|1|1|1|0|0|0|0|46|0|86|380|105|38|0|0|0|0|0|0|0|1|0|0|-|-|
330|9|52|2|2|Hades Pants|1|0|1|1|1|0|0|0|0|44|0|86|380|60|15|181|0|0|1|0|0|0|0|0|0|-|-|
331|9|53|2|2|Queen Pants|1|0|1|1|1|0|0|0|0|44|0|86|0|48|22|0|0|0|0|0|0|0|0|1|0|-|-|
332|9|59|2|2|Sacred Pants|1|0|1|1|1|0|0|0|0|33|0|52|0|85|0|0|0|0|0|0|0|0|0|0|1|Vega|Chameren|
333|9|60|2|2|Storm Hard Pants|1|0|1|1|1|0|0|0|0|41|0|68|0|100|0|0|0|0|0|0|0|0|0|0|1|-|-|
334|9|61|2|2|Piercing Pants|1|0|1|1|1|0|0|0|0|49|0|82|0|115|0|0|0|0|0|0|0|0|0|0|1|-|-|
335|9|62|2|2|Scale Pants|1|0|1|1|1|0|0|0|0|18|0|255|1|0|0|0|0|0|0|1|0|0|1|0|1|-|-|
336|9|63|2|2|Silk Pants|1|0|1|1|1|0|0|0|0|13|0|255|1|0|0|0|0|0|0|0|1|0|0|0|0|-|-|
337|9|64|2|2|Sphinx Pants|1|0|1|1|1|0|0|0|0|19|0|255|1|0|0|0|0|0|1|0|0|0|0|0|0|-|-|
338|9|65|2|2|Wind Pants|1|0|1|1|1|0|0|0|0|20|0|255|1|0|0|0|0|0|0|0|1|0|0|1|0|-|-|
339|9|66|2|2|Dark Soul Pants|1|0|1|1|1|0|0|0|0|31|0|255|150|0|0|0|0|0|1|0|0|0|1|0|0|-|-|
340|9|67|2|2|Dragon Pants|1|0|1|1|1|0|0|0|0|28|0|255|150|0|0|0|0|0|0|1|0|0|0|0|0|-|-|
341|9|68|2|2|Guardian Pants|1|0|1|1|1|0|0|0|0|30|0|255|150|0|0|0|0|0|0|0|1|0|0|0|0|-|-|
342|9|69|2|2|Legendary Pants|1|0|1|1|1|0|0|0|0|25|0|255|150|0|0|0|0|0|1|0|0|0|0|0|0|-|-|
343|9|70|2|2|Red Wing Pants|1|0|1|1|1|0|0|0|0|26|0|255|150|0|0|0|0|0|0|0|0|0|0|1|0|-|-|
344|9|71|2|2|Storm Crow Pants|1|0|1|1|1|0|0|0|0|39|0|255|150|0|0|0|0|0|0|0|0|1|0|0|0|-|-|
345|9|72|2|2|Storm Hard Pants|1|0|1|1|1|0|0|0|0|33|0|255|150|0|0|0|0|0|0|0|0|0|0|0|1|-|-|
346|10|0|2|2|Bronze Gloves|1|0|1|1|1|0|0|0|0|4|0|34|0|80|20|0|0|0|0|1|0|1|1|0|0|Mist|-|
347|10|1|2|2|Dragon Gloves|1|0|1|1|1|0|0|0|0|14|0|68|0|120|30|0|0|0|0|1|0|1|0|0|0|Hyon|-|
348|10|2|2|2|Pad Gloves|1|0|1|1|1|0|0|0|0|2|0|28|0|20|0|0|0|0|1|0|0|1|0|0|0|Apollo|-|
349|10|3|2|2|Legendary Gloves|1|0|1|1|1|0|0|0|0|11|0|42|0|20|0|0|0|0|1|0|0|1|0|0|0|Anubis|-|
350|10|4|2|2|Bone Gloves|1|0|1|1|1|0|0|0|0|5|0|30|0|20|0|0|0|0|1|0|0|1|0|0|0|Sylion|-|
351|10|5|2|2|Leather Gloves|1|0|1|1|1|0|0|0|0|2|0|30|0|80|0|0|0|0|0|1|0|1|1|0|0|Warrior|-|
352|10|6|2|2|Scale Gloves|1|0|1|1|1|0|0|0|0|7|0|40|0|110|0|0|0|0|0|1|0|1|1|0|0|Berserker|-|
353|10|7|2|2|Sphinx Gloves|1|0|1|1|1|0|0|0|0|8|0|36|0|20|0|0|0|0|1|0|0|1|0|0|0|Heras|-|
354|10|8|2|2|Brass Gloves|1|0|1|1|1|0|0|0|0|9|0|44|0|100|30|0|0|0|0|1|0|1|0|0|0|Garuda|-|
355|10|9|2|2|Plate Gloves|1|0|1|1|1|0|0|0|0|12|0|50|0|130|0|0|0|0|0|1|0|1|0|0|0|Kantata|-|
356|10|10|2|2|Vine Gloves|1|0|1|1|1|0|0|0|0|2|0|22|0|30|60|0|0|0|0|0|1|0|0|0|0|Ceto|-|
357|10|11|2|2|Silk Gloves|1|0|1|1|1|0|0|0|0|4|0|26|0|30|70|0|0|0|0|0|1|0|0|0|0|Gaia|Fase|
358|10|12|2|2|Wind Gloves|1|0|1|1|1|0|0|0|0|6|0|32|0|30|80|0|0|0|0|0|1|0|0|0|0|Odin|-|
359|10|13|2|2|Spirit Gloves|1|0|1|1|1|0|0|0|0|9|0|38|0|40|80|0|0|0|0|0|1|0|0|0|0|Argo|-|
360|10|14|2|2|Guardian Gloves|1|0|1|1|1|0|0|0|0|15|0|45|0|40|80|0|0|0|0|0|1|0|0|0|0|Gywen|-|
361|10|15|2|2|Storm Crow Gloves|1|0|1|1|1|0|0|0|0|20|0|80|0|150|70|0|0|0|0|0|0|1|0|0|0|-|Muren|
362|10|16|2|2|Black Dragon Gloves|1|0|1|1|1|0|0|0|0|22|0|74|0|170|60|0|0|0|0|1|0|0|0|0|0|-|-|
363|10|17|2|2|Dark Phoenix Gloves|1|0|1|1|1|0|0|0|0|37|0|80|0|205|63|0|0|0|0|2|0|0|0|0|0|-|-|
364|10|18|2|2|Grand Soul Gloves|1|0|1|1|1|0|0|0|0|20|0|67|0|49|10|0|0|0|2|0|0|0|0|0|0|-|-|
365|10|19|2|2|Divine Gloves|1|0|1|1|1|0|0|0|0|29|0|74|0|50|110|0|0|0|0|0|2|0|0|0|0|-|-|
366|10|20|2|2|Thunder Hawk Gloves|1|0|1|1|1|0|0|0|0|34|0|82|0|150|70|0|0|0|0|0|0|1|0|0|0|-|-|
367|10|21|2|2|Great Dragon Gloves|1|0|1|1|1|0|0|0|0|48|0|86|0|200|58|0|0|0|0|2|0|0|0|0|0|-|-|
368|10|22|2|2|Dark Soul Gloves|1|0|1|1|1|0|0|0|0|30|0|75|0|55|18|0|0|0|2|0|0|0|0|0|0|-|-|
369|10|23|2|2|Hurricane Gloves|1|0|1|1|1|0|0|0|0|45|0|90|0|162|66|0|0|0|0|0|0|1|0|0|0|-|-|
370|10|24|2|2|Red Spirit Gloves|1|0|1|1|1|0|0|0|0|38|0|80|0|52|115|0|0|0|0|0|2|0|0|0|0|-|-|
371|10|25|2|2|Light Plate Gloves|1|0|1|1|1|0|0|0|0|12|0|42|0|70|20|0|0|0|0|0|0|0|1|0|0|-|-|
372|10|26|2|2|Adamantine Gloves|1|0|1|1|1|0|0|0|0|18|0|56|0|77|21|0|0|0|0|0|0|0|1|0|0|-|Broy|
373|10|27|2|2|Dark Steel Gloves|1|0|1|1|1|0|0|0|0|21|0|70|0|84|22|0|0|0|0|0|0|0|1|0|0|-|-|
374|10|28|2|2|Dark Master Gloves|1|0|1|1|1|0|0|0|0|29|0|78|0|80|21|0|0|0|0|0|0|0|1|0|0|-|-|
375|10|29|2|2|Dragon Knight Gloves|1|0|1|1|1|0|0|0|0|60|0|90|380|170|60|0|0|0|0|2|0|0|0|0|0|-|-|
376|10|30|2|2|Venom Mist Gloves|1|0|1|1|1|0|0|0|0|44|0|86|380|44|15|0|0|0|2|0|0|0|0|0|0|-|-|
377|10|31|2|2|Sylphid Ray Gloves|1|0|1|1|1|0|0|0|0|50|0|86|380|38|80|0|0|0|0|0|2|0|0|0|0|-|-|
378|10|32|2|2|Volcano Gloves|1|0|1|1|1|0|0|0|0|55|0|95|380|145|60|0|0|0|0|0|0|1|0|0|0|-|-|
379|10|33|2|2|Sunlight Gloves|1|0|1|1|1|0|0|0|0|40|0|82|380|62|16|0|0|0|0|0|0|0|1|0|0|-|-|
380|10|34|2|2|Ashcrow Gloves|1|0|1|1|1|0|0|0|0|18|0|72|0|160|50|0|0|0|0|1|0|0|0|0|0|-|-|
381|10|35|2|2|Eclipse Gloves|1|0|1|1|1|0|0|0|0|15|0|54|0|53|12|0|0|0|1|0|0|0|0|0|0|-|-|
382|10|36|2|2|Iris Gloves|1|0|1|1|1|0|0|0|0|22|0|59|0|50|70|0|0|0|0|0|1|0|0|0|0|-|-|
383|10|37|2|2|Valiant Gloves|1|0|1|1|1|0|0|0|0|27|0|81|0|155|50|0|0|0|0|0|0|1|0|0|0|-|-|
384|10|38|2|2|Glorious Gloves|1|0|1|1|1|0|0|0|0|25|0|74|0|80|21|0|0|0|0|0|0|0|1|0|0|-|-|
385|10|39|2|2|Violent Wind Gloves|1|0|1|1|1|0|0|0|0|9|0|36|0|22|0|0|0|0|0|0|0|0|0|1|0|-|-|
386|10|40|2|2|Red Wing Gloves|1|0|1|1|1|0|0|0|0|13|0|42|0|18|4|0|0|0|0|0|0|0|0|1|0|Chrono|Semeden|
387|10|41|2|2|Ancient Gloves|1|0|1|1|1|0|0|0|0|19|0|54|0|52|16|0|0|0|0|0|0|0|0|1|0|-|-|
388|10|42|2|2|Demonic Gloves|1|0|1|1|1|0|0|0|0|26|0|67|0|50|10|0|0|0|0|0|0|0|0|2|0|-|-|
389|10|43|2|2|Storm Blitz Gloves|1|0|1|1|1|0|0|0|0|34|0|75|380|56|20|0|0|0|0|0|0|0|0|2|0|-|-|
390|10|44|2|2|Dark Agatha Gloves|1|0|1|1|1|0|0|0|0|24|6|89|0|59|21|0|0|0|0|0|0|0|0|2|0|-|-|
391|10|45|2|2|Titan Gloves|1|0|1|1|1|0|0|0|0|56|0|86|380|222|32|0|0|0|0|1|0|0|0|0|0|-|-|
392|10|46|2|2|Brave Gloves|1|0|1|1|1|0|0|0|0|42|0|86|380|74|162|0|0|0|0|1|0|0|0|0|0|-|-|
393|10|47|2|2|Phantom Gloves|1|0|1|1|1|0|0|0|0|49|0|86|380|212|57|0|0|0|0|0|0|1|0|0|0|-|-|
394|10|48|2|2|Destroy Gloves|1|0|1|1|1|0|0|0|0|40|0|86|380|62|19|165|0|0|0|0|0|1|0|0|0|-|-|
395|10|49|2|2|Seraphim Gloves|1|0|1|1|1|0|0|0|0|43|0|86|380|55|197|0|0|0|0|0|1|0|0|0|0|-|-|
396|10|50|2|2|Divine Gloves|1|0|1|1|1|0|0|0|0|36|0|86|380|32|29|138|0|0|0|0|1|0|0|0|0|-|-|
397|10|51|2|2|Royal Gloves|1|0|1|1|1|0|0|0|0|34|0|86|380|105|38|0|0|0|0|0|0|0|1|0|0|-|-|
398|10|52|2|2|Hades Gloves|1|0|1|1|1|0|0|0|0|31|0|86|380|60|15|181|0|0|1|0|0|0|0|0|0|-|-|
399|10|53|2|2|Queen Gloves|1|0|1|1|1|0|0|0|0|31|7|86|0|48|22|0|0|0|0|0|0|0|0|1|0|-|-|
400|10|62|2|2|Scale Gloves|1|0|1|1|1|0|0|0|0|10|0|255|1|0|0|0|0|0|0|1|0|0|1|0|0|-|-|
401|10|63|2|2|Silk Gloves|1|0|1|1|1|0|0|0|0|6|0|255|1|0|0|0|0|0|0|0|1|0|0|0|0|-|-|
402|10|64|2|2|Sphinx Gloves|1|0|1|1|1|0|0|0|0|12|0|255|1|0|0|0|0|0|1|0|0|0|0|0|0|-|-|
403|10|65|2|2|Wind Gloves|1|0|1|1|1|0|0|0|0|13|0|255|1|0|0|0|0|0|0|0|1|0|0|1|0|-|-|
404|10|66|2|2|Dark Soul Gloves|1|0|1|1|1|0|0|0|0|20|0|255|150|0|0|0|0|0|1|0|0|0|1|0|0|-|-|
405|10|67|2|2|Dragon Gloves|1|0|1|1|1|0|0|0|0|19|0|255|150|0|0|0|0|0|0|1|0|0|0|0|0|-|-|
406|10|68|2|2|Guardian Gloves|1|0|1|1|1|0|0|0|0|20|0|255|150|0|0|0|0|0|0|0|1|0|0|0|0|-|-|
407|10|69|2|2|Legendary Gloves|1|0|1|1|1|0|0|0|0|16|0|255|150|0|0|0|0|0|1|0|0|0|0|0|0|-|-|
408|10|70|2|2|Red Wing Gloves|1|0|1|1|1|0|0|0|0|18|0|255|150|0|0|0|0|0|0|0|0|0|0|1|0|-|-|
409|10|71|2|2|Storm Crow Gloves|1|0|1|1|1|0|0|0|0|25|0|255|150|0|0|0|0|0|0|0|0|1|0|0|0|-|-|
410|11|0|2|2|Bronze Boots|1|0|1|1|1|0|0|0|0|4|0|34|0|80|20|0|0|0|0|1|0|1|1|0|0|Hyperion|-|
411|11|1|2|2|Dragon Boots|1|0|1|1|1|0|0|0|0|15|0|68|0|120|30|0|0|0|0|1|0|1|0|0|0|Hyon|-|
412|11|2|2|2|Pad Boots|1|0|1|1|1|0|0|0|0|3|0|28|0|20|0|0|0|0|1|0|0|1|0|0|0|Barnake|-|
413|11|3|2|2|Legendary Boots|1|0|1|1|1|0|0|0|0|12|0|42|0|30|0|0|0|0|1|0|0|1|0|0|0|-|Enis|
414|11|4|2|2|Bone Boots|1|0|1|1|1|0|0|0|0|6|0|30|0|30|0|0|0|0|1|0|0|1|0|0|0|Evis|Sylion|
415|11|5|2|2|Leather Boots|1|0|1|1|1|0|0|0|0|2|0|30|0|80|0|0|0|0|0|1|0|1|1|0|1|Warrior|Anonymous|
416|11|6|2|2|Scale Boots|1|0|1|1|1|0|0|0|0|8|0|40|0|110|0|0|0|0|0|1|0|1|1|0|1|Berserker|-|
417|11|7|2|2|Sphinx Boots|1|0|1|1|1|0|0|0|0|9|0|36|0|30|0|0|0|0|1|0|0|1|0|0|0|Heras|Minet|
418|11|8|2|2|Brass Boots|1|0|1|1|1|0|0|0|0|10|0|44|0|100|30|0|0|0|0|1|0|1|0|0|1|Garuda|-|
419|11|9|2|2|Plate Boots|1|0|1|1|1|0|0|0|0|12|0|50|0|130|0|0|0|0|0|1|0|1|0|0|1|Kantata|-|
420|11|10|2|2|Vine Boots|1|0|1|1|1|0|0|0|0|2|0|22|0|30|60|0|0|0|0|0|1|0|0|0|0|Ceto|Drake|
421|11|11|2|2|Silk Boots|1|0|1|1|1|0|0|0|0|4|0|26|0|30|70|0|0|0|0|0|1|0|0|0|0|Fase|-|
422|11|12|2|2|Wind Boots|1|0|1|1|1|0|0|0|0|7|0|32|0|30|80|0|0|0|0|0|1|0|0|0|0|Odin|Elvian|
423|11|13|2|2|Spirit Boots|1|0|1|1|1|0|0|0|0|10|0|38|0|40|80|0|0|0|0|0|1|0|0|0|0|Karis|-|
424|11|14|2|2|Guardian Boots|1|0|1|1|1|0|0|0|0|16|0|45|0|40|80|0|0|0|0|0|1|0|0|0|0|Gywen|Aruan|
425|11|15|2|2|Storm Crow Boots|1|0|1|1|1|0|0|0|0|22|0|80|0|150|70|0|0|0|0|0|0|1|0|0|0|Gaion|-|
426|11|16|2|2|Black Dragon Boots|1|0|1|1|1|0|0|0|0|24|0|74|0|170|60|0|0|0|0|1|0|0|0|0|0|-|-|
427|11|17|2|2|Dark Phoenix Boots|1|0|1|1|1|0|0|0|0|40|0|80|0|198|60|0|0|0|0|2|0|0|0|0|0|-|-|
428|11|18|2|2|Grand Soul Boots|1|0|1|1|1|0|0|0|0|22|0|67|0|59|10|0|0|0|2|0|0|0|0|0|0|-|-|
429|11|19|2|2|Divine Boots|1|0|1|1|1|0|0|0|0|30|0|74|0|50|110|0|0|0|0|0|2|0|0|0|0|-|-|
430|11|20|2|2|Thunder Hawk Boots|1|0|1|1|1|0|0|0|0|37|0|82|0|150|70|0|0|0|0|0|0|1|0|0|0|-|-|
431|11|21|2|2|Great Dragon Boots|1|0|1|1|1|0|0|0|0|50|0|86|0|200|58|0|0|0|0|2|0|0|0|0|0|-|-|
432|11|22|2|2|Dark Soul Boots|1|0|1|1|1|0|0|0|0|31|0|75|0|55|18|0|0|0|2|0|0|0|0|0|0|-|-|
433|11|23|2|2|Hurricane Boots|1|0|1|1|1|0|0|0|0|50|0|90|0|162|66|0|0|0|0|0|0|1|0|0|0|-|-|
434|11|24|2|2|Red Spirit Boots|1|0|1|1|1|0|0|0|0|40|0|80|0|52|115|0|0|0|0|0|2|0|0|0|0|-|-|
435|11|25|2|2|Light Plate Boots|1|0|1|1|1|0|0|0|0|13|0|42|0|70|20|0|0|0|0|0|0|0|1|0|0|-|-|
436|11|26|2|2|Adamantine Boots|1|0|1|1|1|0|0|0|0|20|0|56|0|77|21|0|0|0|0|0|0|0|1|0|0|-|Broy|
437|11|27|2|2|Dark Steel Boots|1|0|1|1|1|0|0|0|0|25|0|70|0|84|22|0|0|0|0|0|0|0|1|0|0|-|-|
438|11|28|2|2|Dark Master Boots|1|0|1|1|1|0|0|0|0|33|0|78|0|80|21|0|0|0|0|0|0|0|1|0|0|-|-|
439|11|29|2|2|Dragon Knight Boots|1|0|1|1|1|0|0|0|0|63|0|90|380|170|60|0|0|0|0|2|0|0|0|0|0|-|-|
440|11|30|2|2|Venom Mist Boots|1|0|1|1|1|0|0|0|0|47|0|86|380|44|15|0|0|0|2|0|0|0|0|0|0|-|-|
441|11|31|2|2|Sylphid Ray Boots|1|0|1|1|1|0|0|0|0|53|0|86|380|38|80|0|0|0|0|0|2|0|0|0|0|-|-|
442|11|32|2|2|Volcano Boots|1|0|1|1|1|0|0|0|0|61|0|95|380|145|60|0|0|0|0|0|0|1|0|0|0|-|-|
443|11|33|2|2|Sunlight Boots|1|0|1|1|1|0|0|0|0|44|0|82|380|62|16|0|0|0|0|0|0|0|1|0|0|-|-|
444|11|34|2|2|Ashcrow Boots|1|0|1|1|1|0|0|0|0|19|0|72|0|160|50|0|0|0|0|1|0|0|0|0|0|-|-|
445|11|35|2|2|Eclipse Boots|1|0|1|1|1|0|0|0|0|17|0|54|0|53|12|0|0|0|1|0|0|0|0|0|0|-|-|
446|11|36|2|2|Iris Boots|1|0|1|1|1|0|0|0|0|23|0|59|0|50|70|0|0|0|0|0|1|0|0|0|0|-|-|
447|11|37|2|2|Valiant Boots|1|0|1|1|1|0|0|0|0|29|0|81|0|155|50|0|0|0|0|0|0|1|0|0|0|-|-|
448|11|38|2|2|Glorious Boots|1|0|1|1|1|0|0|0|0|29|0|74|0|80|21|0|0|0|0|0|0|0|1|0|0|-|-|
449|11|39|2|2|Violent Wind Boots|1|0|1|1|1|0|0|0|0|11|0|36|0|27|0|0|0|0|0|0|0|0|0|1|0|-|-|
450|11|40|2|2|Red Wing Boots|1|0|1|1|1|0|0|0|0|15|0|42|0|25|4|0|0|0|0|0|0|0|0|1|0|-|Semeden|
451|11|41|2|2|Ancient Boots|1|0|1|1|1|0|0|0|0|21|0|54|0|53|16|0|0|0|0|0|0|0|0|1|0|-|-|
452|11|42|2|2|Demonic Boots|1|0|1|1|1|0|0|0|0|28|0|67|0|60|10|0|0|0|0|0|0|0|0|2|0|-|-|
453|11|43|2|2|Storm Blitz Boots|1|0|1|1|1|0|0|0|0|38|0|75|380|57|20|0|0|0|0|0|0|0|0|2|0|-|-|
454|11|44|2|2|Dark Agatha Boots|1|0|1|1|1|0|0|0|0|31|0|89|0|61|21|0|0|0|0|0|0|0|0|2|0|-|-|
455|11|45|2|2|Titan Boots|1|0|1|1|1|0|0|0|0|57|0|86|380|222|32|0|0|0|0|1|0|0|0|0|0|-|-|
456|11|46|2|2|Brave Boots|1|0|1|1|1|0|0|0|0|45|0|86|380|74|162|0|0|0|0|1|0|0|0|0|0|-|-|
457|11|47|2|2|Phantom Boots|1|0|1|1|1|0|0|0|0|54|0|86|380|212|57|0|0|0|0|0|0|1|0|0|0|-|-|
458|11|48|2|2|Destroy Boots|1|0|1|1|1|0|0|0|0|44|0|86|380|62|19|165|0|0|0|0|0|1|0|0|0|-|-|
459|11|49|2|2|Seraphim Boots|1|0|1|1|1|0|0|0|0|42|0|86|380|55|197|0|0|0|0|0|1|0|0|0|0|-|-|
460|11|50|2|2|Divine Boots|1|0|1|1|1|0|0|0|0|35|0|86|380|32|29|138|0|0|0|0|1|0|0|0|0|-|-|
461|11|51|2|2|Royal Boots|1|0|1|1|1|0|0|0|0|38|0|86|380|105|38|0|0|0|0|0|0|0|1|0|0|-|-|
462|11|52|2|2|Hades Boots|1|0|1|1|1|0|0|0|0|34|0|86|380|60|15|181|0|0|1|0|0|0|0|0|0|-|-|
463|11|53|2|2|Queen Boots|1|0|1|1|1|0|0|0|0|34|0|86|0|48|22|0|0|0|0|0|0|0|0|1|0|-|-|
464|11|59|2|2|Sacred Boots|1|0|1|1|1|0|0|0|0|20|0|52|0|85|0|0|0|0|0|0|0|0|0|0|1|Chameren|-|
465|11|60|2|2|Storm Hard Boots|1|0|1|1|1|0|0|0|0|28|0|68|0|100|0|0|0|0|0|0|0|0|0|0|1|-|-|
466|11|61|2|2|Piercing Boots|1|0|1|1|1|0|0|0|0|36|0|82|0|115|0|0|0|0|0|0|0|0|0|0|1|-|-|
467|11|62|2|2|Scale Boots|1|0|1|1|1|0|0|0|0|12|0|255|1|0|0|0|0|0|0|1|0|0|1|0|1|-|-|
468|11|63|2|2|Silk Boots|1|0|1|1|1|0|0|0|0|7|0|255|1|0|0|0|0|0|0|0|1|0|0|0|0|-|-|
469|11|64|2|2|Sphinx Boots|1|0|1|1|1|0|0|0|0|13|0|255|1|0|0|0|0|0|1|0|0|0|0|0|0|-|-|
470|11|65|2|2|Wind Boots|1|0|1|1|1|0|0|0|0|15|0|255|1|0|0|0|0|0|0|0|1|0|0|1|0|-|-|
471|11|66|2|2|Dark Soul Boots|1|0|1|1|1|0|0|0|0|25|0|255|150|0|0|0|0|0|1|0|0|0|1|0|0|-|-|
472|11|67|2|2|Dragon Boots|1|0|1|1|1|0|0|0|0|20|0|255|150|0|0|0|0|0|0|1|0|0|0|0|0|-|-|
473|11|68|2|2|Guardian Boots|1|0|1|1|1|0|0|0|0|23|0|255|150|0|0|0|0|0|0|0|1|0|0|0|0|-|-|
474|11|69|2|2|Legendary Boots|1|0|1|1|1|0|0|0|0|17|0|255|150|0|0|0|0|0|1|0|0|0|0|0|0|-|-|
475|11|70|2|2|Red Wing Boots|1|0|1|1|1|0|0|0|0|17|0|255|150|0|0|0|0|0|0|0|0|0|0|1|0|-|-|
476|11|71|2|2|Storm Crow Boots|1|0|1|1|1|0|0|0|0|27|0|255|150|0|0|0|0|0|0|0|0|1|0|0|0|-|-|
477|11|72|2|2|Storm Hard Boots|1|0|1|1|1|0|0|0|0|20|0|255|150|0|0|0|0|0|0|0|0|0|0|0|1|-|-|
478|12|0|3|2|Wings of Elf|-1|0|1|1|1|0|0|0|0|10|0|200|180|0|0|0|0|0|0|0|1|0|0|0|0|-|-|
479|12|1|5|3|Wings of Heaven|-1|0|1|1|1|0|0|0|0|10|0|200|180|0|0|0|0|0|1|0|0|1|0|0|0|-|-|
480|12|2|5|2|Wings of Satan|-1|0|1|1|1|0|0|0|0|20|0|200|180|0|0|0|0|0|0|1|0|1|0|0|0|-|-|
481|12|3|5|3|Wings of Spirits|2|0|1|1|1|0|0|0|0|30|0|200|215|0|0|0|0|0|0|0|2|0|0|0|0|-|-|
482|12|4|5|3|Wings of Soul|2|0|1|1|1|0|0|0|0|30|0|200|215|0|0|0|0|0|2|0|0|0|0|0|0|-|-|
483|12|5|3|3|Wings of Dragon|2|0|1|1|1|0|0|0|0|45|0|200|215|0|0|0|0|0|0|2|0|0|0|0|0|-|-|
484|12|6|4|2|Wings of Darkness|2|0|1|1|1|0|0|0|0|40|0|200|215|0|0|0|0|0|0|0|0|1|0|0|0|-|-|
485|12|7|1|1|Orb of Twisting Slash|-1|0|0|0|0|0|0|0|0|0|0|0|80|0|0|0|0|0|0|1|0|1|0|0|0|-|-|
486|12|8|1|1|Healing Orb|-1|0|0|0|0|0|0|0|0|0|0|0|0|0|0|100|0|0|0|0|1|0|0|0|0|-|-|
487|12|9|1|1|Orb of Greater Fortitude|-1|0|0|0|0|0|0|0|0|0|0|0|0|0|0|100|0|0|0|0|1|0|0|0|0|-|-|
488|12|10|1|1|Orb of Greater Damage|-1|0|0|0|0|0|0|0|0|0|0|0|0|0|0|100|0|0|0|0|1|0|0|0|0|-|-|
489|12|11|1|1|Summon Goblin Jewel|-1|0|0|0|0|0|0|0|0|0|0|0|0|0|0|0|0|0|0|0|1|0|0|0|0|-|-|
490|12|12|1|1|Orb of Rageful Blow|-1|0|0|0|0|0|0|0|0|0|0|0|170|0|0|0|0|0|0|2|0|0|0|0|0|-|-|
491|12|13|1|1|Orb of Impale|-1|0|0|0|0|0|0|0|0|0|0|0|28|0|0|0|0|0|0|1|0|0|0|0|0|-|-|
492|12|14|1|1|Orb of Greater Fortitude|-1|0|0|0|0|0|0|0|0|0|0|0|120|0|0|0|0|0|0|1|0|0|0|0|0|-|-|
493|12|15|1|1|Jewel of Chaos|-1|0|0|0|0|0|0|0|0|0|0|0|0|0|0|0|0|0|1|1|1|1|1|1|1|-|-|
494|12|16|1|1|Orb of Fire Slash|-1|0|0|0|0|0|0|0|0|0|0|0|0|320|0|0|0|0|0|0|0|1|0|0|0|-|-|
495|12|17|1|1|Orb of Penetration|-1|0|0|0|0|0|0|0|0|0|0|0|130|0|0|0|0|0|0|0|1|0|0|0|0|-|-|
496|12|18|1|1|Orb of Ice Arrow|-1|0|0|0|0|0|0|0|0|0|0|0|0|0|258|0|0|0|0|0|2|0|0|0|0|-|-|
497|12|19|1|1|Orb of Death Stab|-1|0|0|0|0|0|0|0|0|0|0|0|160|0|0|0|0|0|0|2|0|0|0|0|0|-|-|
498|12|21|1|2|Scroll of FireBurst|-1|0|0|0|0|0|0|0|0|0|0|0|0|0|0|20|0|0|0|0|0|0|1|0|0|-|-|
499|12|22|1|2|Scroll of Summon|-1|0|0|0|0|0|0|0|0|0|0|0|0|0|0|34|0|144|0|0|0|0|1|0|0|-|-|
500|12|23|1|2|Scroll of Critical Damage|-1|0|0|0|0|0|0|0|0|0|0|0|0|0|0|25|0|44|0|0|0|0|1|0|0|-|-|
501|12|24|1|2|Scroll of Electric Spark|-1|0|0|0|0|0|0|0|0|0|0|0|0|0|0|29|0|84|0|0|0|0|1|0|0|-|-|
502|12|25|1|2|Scroll Of Sacrifice|-1|0|0|0|0|0|0|0|0|0|0|0|0|0|0|29|0|340|0|0|0|0|1|0|0|-|-|
503|12|26|1|1|Gem of Secret|-1|0|0|0|0|0|0|0|0|0|0|0|0|0|0|0|0|0|1|1|1|1|1|1|1|-|-|
504|12|30|1|1|Jewel of Bless Bundle +1|-1|0|0|0|0|0|0|0|0|0|0|0|0|0|0|0|0|0|1|1|1|1|1|1|1|-|-|
505|12|31|1|1|Jewel of Soul Bundle +1|-1|0|0|0|0|0|0|0|0|0|0|0|0|0|0|0|0|0|1|1|1|1|1|1|1|-|-|
506|12|32|1|1|Red Ribbon Box|-1|0|0|0|0|0|0|0|0|0|0|0|0|0|0|0|0|0|1|1|1|1|1|1|1|-|-|
507|12|33|1|1|Green Ribbon Box|-1|0|0|0|0|0|0|0|0|0|0|0|0|0|0|0|0|0|1|1|1|1|1|1|1|-|-|
508|12|34|1|1|Blue Ribbon Box|-1|0|0|0|0|0|0|0|0|0|0|0|0|0|0|0|0|0|1|1|1|1|1|1|1|-|-|
509|12|35|1|2|Scroll of Fire Scream|-1|0|0|0|0|0|0|0|0|0|0|0|0|0|0|32|0|70|0|0|0|0|1|0|0|-|-|
510|12|36|4|3|Wings of Storm|4|0|1|1|1|0|0|0|0|60|0|220|400|0|0|0|0|0|0|3|0|0|0|0|0|-|-|
511|12|37|4|3|Wings of Eternal|4|0|1|1|1|0|0|0|0|45|0|220|400|0|0|0|0|0|3|0|0|0|0|0|0|-|-|
512|12|38|4|3|Wings of Illusion|4|0|1|1|1|0|0|0|0|45|0|220|400|0|0|0|0|0|0|0|3|0|0|0|0|-|-|
513|12|39|4|3|Wings of Ruin|4|0|1|1|1|0|0|0|0|55|0|220|400|0|0|0|0|0|0|0|0|3|0|0|0|-|-|
514|12|40|2|3|Cape of Emperor|4|0|1|1|1|0|0|0|0|45|0|220|400|0|0|0|0|0|0|0|0|0|3|0|0|-|-|
515|12|41|4|2|Wings of Curse|-1|0|1|1|1|0|0|0|0|10|0|200|180|0|0|0|0|0|0|0|0|0|0|1|0|-|-|
516|12|42|4|3|Wings of Despair|2|0|1|1|1|0|0|0|0|30|0|200|215|0|0|0|0|0|0|0|0|0|0|2|0|-|-|
517|12|43|4|3|Wings of Dimension|4|0|1|1|1|0|0|0|0|45|0|220|400|0|0|0|0|0|0|0|0|0|0|3|0|-|-|
518|12|44|1|1|Crystal of Destruction|-1|0|0|0|0|0|0|0|0|0|0|0|220|0|0|0|0|0|0|2|0|0|0|0|0|-|-|
519|12|45|1|1|Crystal of Multi-Shot|-1|0|0|0|0|0|0|0|0|0|0|0|220|0|0|0|0|0|0|0|2|0|0|0|0|-|-|
520|12|46|1|1|Crystal of Recovery|-1|0|0|0|0|0|0|0|0|0|0|0|220|0|0|37|0|0|0|0|2|0|0|0|0|-|-|
521|12|47|1|1|Crystal of Flame Strike|-1|0|0|0|0|0|0|0|0|0|0|0|220|0|0|0|0|0|0|0|0|1|0|0|0|-|-|
522|12|48|1|2|Scroll of Chaotic Diseier|-1|0|0|0|0|0|0|0|0|0|0|0|220|0|0|16|0|0|0|0|0|0|1|0|0|-|-|
523|12|49|2|3|Cloak of Warrior|2|0|1|1|1|0|0|0|0|0|0|200|180|0|0|0|0|0|0|0|0|0|0|0|1|-|-|
524|12|50|2|3|Lord of the Cape|4|0|1|1|1|0|0|0|0|45|0|220|400|0|0|0|0|0|0|0|0|0|0|0|3|-|-|
525|12|60|1|1|Seed (Fire)|-1|0|0|0|0|0|0|0|0|0|0|0|0|0|0|0|0|0|1|1|1|1|1|1|1|-|-|
526|12|61|1|1|Seed (Water)|-1|0|0|0|0|0|0|0|0|0|0|0|0|0|0|0|0|0|1|1|1|1|1|1|1|-|-|
527|12|62|1|1|Seed (Ice)|-1|0|0|0|0|0|0|0|0|0|0|0|0|0|0|0|0|0|1|1|1|1|1|1|1|-|-|
528|12|63|1|1|Seed (Wind)|-1|0|0|0|0|0|0|0|0|0|0|0|0|0|0|0|0|0|1|1|1|1|1|1|1|-|-|
529|12|64|1|1|Seed (Lightning)|-1|0|0|0|0|0|0|0|0|0|0|0|0|0|0|0|0|0|1|1|1|1|1|1|1|-|-|
530|12|65|1|1|Seed (Earth)|-1|0|0|0|0|0|0|0|0|0|0|0|0|0|0|0|0|0|1|1|1|1|1|1|1|-|-|
531|12|70|1|1|Spear (Mono)|-1|0|0|0|0|0|0|0|0|0|0|0|0|0|0|0|0|0|1|1|1|1|1|1|1|-|-|
532|12|71|1|1|Spear (Di)|-1|0|0|0|0|0|0|0|0|0|0|0|0|0|0|0|0|0|1|1|1|1|1|1|1|-|-|
533|12|72|1|1|Spear (Tri)|-1|0|0|0|0|0|0|0|0|0|0|0|0|0|0|0|0|0|1|1|1|1|1|1|1|-|-|
534|12|73|1|1|Spear (Tetra)|-1|0|0|0|0|0|0|0|0|0|0|0|0|0|0|0|0|0|1|1|1|1|1|1|1|-|-|
535|12|74|1|1|Spear (Penta)|-1|0|0|0|0|0|0|0|0|0|0|0|0|0|0|0|0|0|1|1|1|1|1|1|1|-|-|
536|12|100|1|1|Seed Spear 1 (Fire)|-1|0|0|0|0|0|0|0|0|0|0|0|0|0|0|0|0|0|1|1|1|1|1|1|1|-|-|
537|12|101|1|1|Seed Spear 1 (Water)|-1|0|0|0|0|0|0|0|0|0|0|0|0|0|0|0|0|0|1|1|1|1|1|1|1|-|-|
538|12|102|1|1|Seed Spear 1 (Ice)|-1|0|0|0|0|0|0|0|0|0|0|0|0|0|0|0|0|0|1|1|1|1|1|1|1|-|-|
539|12|103|1|1|Seed Spear 1 (Wind)|-1|0|0|0|0|0|0|0|0|0|0|0|0|0|0|0|0|0|1|1|1|1|1|1|1|-|-|
540|12|104|1|1|Seed Spear 1 (Lightning)|-1|0|0|0|0|0|0|0|0|0|0|0|0|0|0|0|0|0|1|1|1|1|1|1|1|-|-|
541|12|105|1|1|Seed Spear 1 (Earth)|-1|0|0|0|0|0|0|0|0|0|0|0|0|0|0|0|0|0|1|1|1|1|1|1|1|-|-|
542|12|106|1|1|Seed Spear 2 (Fire)|-1|0|0|0|0|0|0|0|0|0|0|0|0|0|0|0|0|0|1|1|1|1|1|1|1|-|-|
543|12|107|1|1|Seed Spear 2 (Water)|-1|0|0|0|0|0|0|0|0|0|0|0|0|0|0|0|0|0|1|1|1|1|1|1|1|-|-|
544|12|108|1|1|Seed Spear 2 (Ice)|-1|0|0|0|0|0|0|0|0|0|0|0|0|0|0|0|0|0|1|1|1|1|1|1|1|-|-|
545|12|109|1|1|Seed Spear 2 (Wind)|-1|0|0|0|0|0|0|0|0|0|0|0|0|0|0|0|0|0|1|1|1|1|1|1|1|-|-|
546|12|110|1|1|Seed Spear 2 (Lightning)|-1|0|0|0|0|0|0|0|0|0|0|0|0|0|0|0|0|0|1|1|1|1|1|1|1|-|-|
547|12|111|1|1|Seed Spear 2 (Earth)|-1|0|0|0|0|0|0|0|0|0|0|0|0|0|0|0|0|0|1|1|1|1|1|1|1|-|-|
548|12|112|1|1|Seed Spear 3 (Fire)|-1|0|0|0|0|0|0|0|0|0|0|0|0|0|0|0|0|0|1|1|1|1|1|1|1|-|-|
549|12|113|1|1|Seed Spear 3 (Water)|-1|0|0|0|0|0|0|0|0|0|0|0|0|0|0|0|0|0|1|1|1|1|1|1|1|-|-|
550|12|114|1|1|Seed Spear 3 (Ice)|-1|0|0|0|0|0|0|0|0|0|0|0|0|0|0|0|0|0|1|1|1|1|1|1|1|-|-|
551|12|115|1|1|Seed Spear 3 (Wind)|-1|0|0|0|0|0|0|0|0|0|0|0|0|0|0|0|0|0|1|1|1|1|1|1|1|-|-|
552|12|116|1|1|Seed Spear 3 (Lightning)|-1|0|0|0|0|0|0|0|0|0|0|0|0|0|0|0|0|0|1|1|1|1|1|1|1|-|-|
553|12|117|1|1|Seed Spear 3 (Earth)|-1|0|0|0|0|0|0|0|0|0|0|0|0|0|0|0|0|0|1|1|1|1|1|1|1|-|-|
554|12|118|1|1|Seed Spear 4 (Fire)|-1|0|0|0|0|0|0|0|0|0|0|0|0|0|0|0|0|0|1|1|1|1|1|1|1|-|-|
555|12|119|1|1|Seed Spear 4 (Water)|-1|0|0|0|0|0|0|0|0|0|0|0|0|0|0|0|0|0|1|1|1|1|1|1|1|-|-|
556|12|120|1|1|Seed Spear 4 (Ice)|-1|0|0|0|0|0|0|0|0|0|0|0|0|0|0|0|0|0|1|1|1|1|1|1|1|-|-|
557|12|121|1|1|Seed Spear 4 (Wind)|-1|0|0|0|0|0|0|0|0|0|0|0|0|0|0|0|0|0|1|1|1|1|1|1|1|-|-|
558|12|122|1|1|Seed Spear 4 (Lightning)|-1|0|0|0|0|0|0|0|0|0|0|0|0|0|0|0|0|0|1|1|1|1|1|1|1|-|-|
559|12|123|1|1|Seed Spear 4 (Earth)|-1|0|0|0|0|0|0|0|0|0|0|0|0|0|0|0|0|0|1|1|1|1|1|1|1|-|-|
560|12|124|1|1|Seed Spear 5 (Fire)|-1|0|0|0|0|0|0|0|0|0|0|0|0|0|0|0|0|0|1|1|1|1|1|1|1|-|-|
561|12|125|1|1|Seed Spear 5 (Water)|-1|0|0|0|0|0|0|0|0|0|0|0|0|0|0|0|0|0|1|1|1|1|1|1|1|-|-|
562|12|126|1|1|Seed Spear 5 (Ice)|-1|0|0|0|0|0|0|0|0|0|0|0|0|0|0|0|0|0|1|1|1|1|1|1|1|-|-|
563|12|127|1|1|Seed Spear 5 (Wind)|-1|0|0|0|0|0|0|0|0|0|0|0|0|0|0|0|0|0|1|1|1|1|1|1|1|-|-|
564|12|128|1|1|Seed Spear 5 (Lightning)|-1|0|0|0|0|0|0|0|0|0|0|0|0|0|0|0|0|0|1|1|1|1|1|1|1|-|-|
565|12|129|1|1|Seed Spear 5 (Earth)|-1|0|0|0|0|0|0|0|0|0|0|0|0|0|0|0|0|0|1|1|1|1|1|1|1|-|-|
566|12|130|2|2|Small Cape of Lord|-1|0|0|0|0|0|0|0|0|15|0|200|1|0|0|0|0|0|0|0|0|0|1|0|0|-|-|
567|12|131|3|2|Small Wing of Curse|-1|0|0|0|0|0|0|0|0|10|0|200|1|0|0|0|0|0|0|0|0|0|0|1|0|-|-|
568|12|132|3|2|Small Wings of Elf|-1|0|0|0|0|0|0|0|0|10|0|200|1|0|0|0|0|0|0|0|1|0|0|0|0|-|-|
569|12|133|3|2|Small Wings of Heaven|-1|0|0|0|0|0|0|0|0|10|0|200|1|0|0|0|0|0|1|0|0|1|0|0|0|-|-|
570|12|134|3|2|Small Wings of Satan|-1|0|0|0|0|0|0|0|0|20|0|200|1|0|0|0|0|0|0|1|0|1|0|0|0|-|-|
571|12|135|2|2|Small Cloak of Warrior|-1|0|0|0|0|0|0|0|0|15|0|200|1|0|0|0|0|0|0|0|0|0|0|0|1|-|-|
572|13|0|1|1|Guardian Angel|-1|0|0|0|0|0|0|0|0|0|0|255|0|0|0|0|0|0|1|1|1|1|1|1|1|-|-|
573|13|1|1|1|Imp|-1|0|0|0|0|0|0|0|0|0|0|255|0|0|0|0|0|0|1|1|1|1|1|1|1|-|-|
574|13|2|1|1|Horn of Uniria|-1|0|0|0|0|0|0|0|0|0|0|255|0|0|0|0|0|0|1|1|1|1|1|1|1|-|-|
575|13|3|1|1|Horn of Dinorant|-1|49|0|0|0|0|0|0|0|0|0|255|0|0|0|0|0|0|1|1|1|1|1|1|1|-|-|
576|13|4|1|1|Dark Horse|-1|62|0|0|0|0|0|0|0|0|0|255|0|0|0|0|0|0|0|0|0|0|1|0|0|-|-|
577|13|5|1|1|Dark Raven|-1|0|0|0|0|0|0|0|0|0|0|255|0|0|0|0|0|0|0|0|0|0|1|0|0|-|-|
578|13|7|1|1|Summon Archer|-1|0|0|0|0|0|0|0|0|0|0|255|0|0|0|0|0|0|1|1|1|1|1|1|1|-|-|
579|13|8|1|1|Ring of Ice|1|0|1|1|0|0|0|0|0|0|0|50|0|0|0|0|0|0|1|1|1|1|1|1|1|Warrior|-|
580|13|9|1|1|Ring of Poison|1|0|1|1|0|0|0|0|0|0|0|50|0|0|0|0|0|0|1|1|1|1|1|1|1|Kantata|Agnis|
581|13|10|1|1|Transformation Ring (Dragon)|-1|0|0|0|0|0|0|0|0|0|0|200|0|0|0|0|0|0|1|1|1|1|1|1|1|-|-|
582|13|11|1|1|Castle Guardin|-1|0|0|0|0|0|0|0|0|0|0|255|0|0|0|0|0|0|1|1|1|1|1|1|1|-|-|
583|13|12|1|1|Pendant of Lighting|0|0|1|1|0|0|0|0|0|0|0|50|0|0|0|0|0|0|1|1|1|1|1|1|1|Eplete|-|
584|13|13|1|1|Pendant of Fire|0|0|1|1|0|0|0|0|0|0|0|50|0|0|0|0|0|0|1|1|1|1|1|1|1|Garuda|-|
585|13|14|1|2|Lochs Feather|-1|0|0|0|0|0|0|0|0|0|0|0|0|0|0|0|0|0|1|1|1|1|1|1|1|-|-|
586|13|15|1|1|Fruit (Strength)|-1|0|0|0|0|0|0|0|0|0|0|0|0|0|0|0|0|0|1|1|1|1|1|1|1|-|-|
587|13|16|1|2|Scroll of Archangel|-1|0|0|0|0|0|0|0|0|0|0|128|0|0|0|0|0|0|1|1|1|1|1|1|1|-|-|
588|13|17|1|2|Blood Bone|-1|0|0|0|0|0|0|0|0|0|0|128|0|0|0|0|0|0|1|1|1|1|1|1|1|-|-|
589|13|18|2|2|Invisibility Cloak|-1|0|0|0|0|0|0|0|0|0|0|255|0|0|0|0|0|0|1|1|1|1|1|1|1|-|-|
590|13|19|1|2|Absolute Staff of Archangel|-1|0|0|0|0|0|0|0|0|0|0|255|0|0|0|0|0|0|1|1|1|1|1|1|1|-|-|
591|13|20|1|1|Wizards Ring|-1|0|0|0|0|0|0|0|0|0|0|30|0|0|0|0|0|0|1|1|1|1|1|1|1|-|-|
592|13|21|1|1|Ring of Fire|1|0|1|1|0|0|0|0|0|0|0|50|0|0|0|0|0|0|1|1|1|1|1|1|1|Anubis|Muren|
593|13|22|1|1|Ring of Earth|1|0|1|1|0|0|0|0|0|0|0|50|0|0|0|0|0|0|1|1|1|1|1|1|1|Ceto|Vicious|
594|13|23|1|1|Ring of Wind|1|0|1|1|0|0|0|0|0|0|0|50|0|0|0|0|0|0|1|1|1|1|1|1|1|Kantata|-|
595|13|24|1|1|Ring of Magic|1|0|1|1|0|0|0|0|0|0|0|50|0|0|0|0|0|0|1|1|1|1|1|1|1|Apollo|Chrono|
596|13|25|1|1|Pendant of Ice|1|0|1|1|0|0|0|0|0|0|0|50|0|0|0|0|0|0|1|1|1|1|1|1|1|Apollo|Broy|
597|13|26|1|1|Pendant of Wind|0|0|1|1|0|0|0|0|0|0|0|50|0|0|0|0|0|0|1|1|1|1|1|1|1|Evis|-|
598|13|27|1|1|Pendant of Water|0|0|1|1|0|0|0|0|0|0|0|50|0|0|0|0|0|0|1|1|1|1|1|1|1|Gaion|-|
599|13|28|1|1|Pendant of Ability|0|0|1|1|0|0|0|0|0|0|0|50|0|0|0|0|0|0|1|1|1|1|1|1|1|Gywen|-|
600|13|29|2|2|Armor of Guardsman|-1|0|0|0|0|0|0|0|0|0|0|0|0|0|0|0|0|0|1|1|1|1|1|1|1|-|-|
601|13|30|2|3|Cape of Lord|2|0|1|1|1|0|0|0|0|0|0|200|0|0|0|0|0|0|0|0|0|0|1|0|0|-|-|
602|13|31|1|1|Dark Spirit of Horse|-1|0|0|0|0|0|0|0|0|0|0|0|0|0|0|0|0|0|0|0|0|0|1|0|0|-|-|
603|13|32|1|1|Splinter of Armor|-1|0|0|0|0|0|0|0|0|0|0|1|0|0|0|0|0|0|1|1|1|1|1|1|1|-|-|
604|13|33|1|1|Bless of Guardian|-1|0|0|0|0|0|0|0|0|0|0|1|0|0|0|0|0|0|1|1|1|1|1|1|1|-|-|
605|13|34|1|1|Claw of Beast|-1|0|0|0|0|0|0|0|0|0|0|1|0|0|0|0|0|0|1|1|1|1|1|1|1|-|-|
606|13|35|1|1|Fragment of Horn|-1|0|0|0|0|0|0|0|0|0|0|1|0|0|0|0|0|0|1|1|1|1|1|1|1|-|-|
607|13|36|2|2|Broken Horn|-1|0|0|0|0|0|0|0|0|0|0|1|0|0|0|0|0|0|1|1|1|1|1|1|1|-|-|
608|13|37|2|2|Horn of Fenrir|-1|0|0|0|0|0|0|0|0|0|0|255|0|0|0|0|0|0|2|2|2|1|1|2|1|-|-|
609|13|38|1|1|Moonstone Pendant|-1|0|0|0|0|0|0|0|0|0|0|120|0|0|0|0|0|0|1|1|1|1|1|1|1|-|-|
610|13|39|1|1|Elite Transfer Skeleton Ring|-1|0|0|0|0|0|0|0|0|0|0|255|0|0|0|0|0|0|1|1|1|1|1|1|1|-|-|
611|13|40|1|1|Jack OLantern Ring|-1|0|0|0|0|0|0|0|0|0|0|100|0|0|0|0|0|0|1|1|1|1|1|1|1|-|-|
612|13|41|1|1|Transfer Christmas Ring|-1|0|0|0|0|0|0|0|0|0|0|100|0|0|0|0|0|0|1|1|1|1|1|1|1|-|-|
613|13|42|1|1|Ring of GM|-1|0|0|0|0|0|0|0|0|0|0|255|0|0|0|0|0|0|1|1|1|1|1|1|1|-|-|
614|13|43|1|1|Seal of Ascension|-1|0|0|0|0|0|0|0|0|0|0|0|0|0|0|0|0|0|1|1|1|1|1|1|1|-|-|
615|13|44|1|1|Seal of Wealth|-1|0|0|0|0|0|0|0|0|0|0|0|0|0|0|0|0|0|1|1|1|1|1|1|1|-|-|
616|13|45|1|1|Seal of Sustenance|-1|0|0|0|0|0|0|0|0|0|0|0|0|0|0|0|0|0|1|1|1|1|1|1|1|-|-|
617|13|46|1|1|Devil Square Ticket|-1|0|0|0|0|0|0|0|0|0|0|10|0|0|0|0|0|0|1|1|1|1|1|1|1|-|-|
618|13|47|1|1|Blood Castle Ticket|-1|0|0|0|0|0|0|0|0|0|0|10|0|0|0|0|0|0|1|1|1|1|1|1|1|-|-|
619|13|48|1|1|Kalima Ticket|-1|0|0|0|0|0|0|0|0|0|0|10|0|0|0|0|0|0|1|1|1|1|1|1|1|-|-|
620|13|49|1|1|Old Scroll|-1|0|0|0|0|0|0|0|0|0|0|0|0|0|0|0|0|0|1|1|1|1|1|1|1|-|-|
621|13|50|1|2|Illusion Sorcerer Covenant|-1|0|0|0|0|0|0|0|0|0|0|0|0|0|0|0|0|0|1|1|1|1|1|1|1|-|-|
622|13|51|2|2|Scroll of Blood|-1|0|0|0|0|0|0|0|0|0|0|1|0|0|0|0|0|0|1|1|1|1|1|1|1|-|-|
623|13|52|1|2|Condor Flame|-1|0|0|0|0|0|0|0|0|0|0|0|0|0|0|0|0|0|1|1|1|1|1|1|1|-|-|
624|13|53|1|2|Condor Feather|-1|0|0|0|0|0|0|0|0|0|0|0|0|0|0|0|0|0|1|1|1|1|1|1|1|-|-|
625|13|54|1|1|Reset Fruit Strength|-1|0|0|0|0|0|0|0|0|0|0|0|0|0|0|0|0|0|1|1|1|1|1|1|1|-|-|
626|13|55|1|1|Reset Fruit Quickness|-1|0|0|0|0|0|0|0|0|0|0|100|0|0|0|0|0|0|1|1|1|1|1|1|1|-|-|
627|13|56|1|1|Reset Fruit Health|-1|0|0|0|0|0|0|0|0|0|0|100|0|0|0|0|0|0|1|1|1|1|1|1|1|-|-|
628|13|57|1|1|Reset Fruit Energy|-1|0|0|0|0|0|0|0|0|0|0|100|0|0|0|0|0|0|1|1|1|1|1|1|1|-|-|
629|13|58|1|1|Reset Fruit Control|-1|0|0|0|0|0|0|0|0|0|0|100|0|0|0|0|0|0|1|1|1|1|1|1|1|-|-|
630|13|59|1|1|Seal of Mobility|-1|0|0|0|0|0|0|0|0|0|0|0|0|0|0|0|0|0|1|1|1|1|1|1|1|-|-|
631|13|60|1|2|Indulgence|-1|0|0|0|0|0|0|0|0|0|0|0|0|0|0|0|0|0|1|1|1|1|1|1|1|-|-|
632|13|61|1|1|Illusion Temple Ticket|-1|0|0|0|0|0|0|0|0|0|0|10|0|0|0|0|0|0|1|1|1|1|1|1|1|-|-|
633|13|62|1|1|Seal of Healing|-1|0|0|0|0|0|0|0|0|0|0|0|0|0|0|0|0|0|1|1|1|1|1|1|1|-|-|
634|13|63|1|1|Seal of Divinity|-1|0|0|0|0|0|0|0|0|0|0|0|0|0|0|0|0|0|1|1|1|1|1|1|1|-|-|
635|13|64|1|1|Demon|-1|0|0|0|0|0|0|0|0|0|0|255|0|0|0|0|0|0|1|1|1|1|1|1|1|-|-|
636|13|65|1|1|Spirit of Guardian|-1|0|0|0|0|0|0|0|0|0|0|255|0|0|0|0|0|0|1|1|1|1|1|1|1|-|-|
637|13|66|1|1|Invitation to Santa Village|-1|0|0|0|0|0|0|0|0|0|0|10|0|0|0|0|0|0|1|1|1|1|1|1|1|-|-|
638|13|67|1|1|Pet Rudolf|-1|0|0|0|0|0|0|0|0|0|0|255|0|0|0|0|0|0|1|1|1|1|1|1|1|-|-|
639|13|68|1|1|Snowman Transformation Ring|-1|0|0|0|0|0|0|0|0|0|0|100|0|0|0|0|0|0|1|1|1|1|1|1|1|-|-|
640|13|69|1|1|Talisman of Resurrection|-1|0|0|0|0|0|0|0|0|0|0|0|0|0|0|0|0|0|1|1|1|1|1|1|1|-|-|
641|13|70|1|1|Talisman of Mobility|-1|0|0|0|0|0|0|0|0|0|0|2|0|0|0|0|0|0|1|1|1|1|1|1|1|-|-|
642|13|71|2|3|Sword/Mace/Spear|-1|0|0|0|0|0|0|0|0|0|0|255|0|0|0|0|0|0|1|1|1|1|1|1|1|-|-|
643|13|72|2|3|Staff|-1|0|0|0|0|0|0|0|0|0|0|255|0|0|0|0|0|0|1|1|1|1|1|1|1|-|-|
644|13|73|2|3|Bow/Crossbow|-1|0|0|0|0|0|0|0|0|0|0|255|0|0|0|0|0|0|1|1|1|1|1|1|1|-|-|
645|13|74|2|3|Scepter|-1|0|0|0|0|0|0|0|0|0|0|255|0|0|0|0|0|0|1|1|1|1|1|1|1|-|-|
646|13|75|2|3|Stick|-1|0|0|0|0|0|0|0|0|0|0|255|0|0|0|0|0|0|1|1|1|1|1|1|1|-|-|
647|13|76|1|1|Panda Ring|-1|0|0|0|0|0|0|0|0|0|0|255|0|0|0|0|0|0|1|1|1|1|1|1|1|-|-|
648|13|80|1|1|Pet Panda|-1|0|0|0|0|0|0|0|0|0|0|255|0|0|0|0|0|0|1|1|1|1|1|1|1|-|-|
649|13|81|1|1|Talisman of Guardian|-1|0|0|0|0|0|0|0|0|0|0|0|0|0|0|0|0|0|1|1|1|1|1|1|1|-|-|
650|13|82|1|1|Talisman of Item Protection|-1|0|0|0|0|0|0|0|0|0|0|0|0|0|0|0|0|0|1|1|1|1|1|1|1|-|-|
651|13|83|1|1|Talisman of Satan Wings|-1|0|0|0|0|0|0|0|0|0|0|0|0|0|0|0|0|0|1|1|1|1|1|1|1|-|-|
652|13|84|1|1|Talisman of Heaven Wings|-1|0|0|0|0|0|0|0|0|0|0|0|0|0|0|0|0|0|1|1|1|1|1|1|1|-|-|
653|13|85|1|1|Talisman of Elf Wings|-1|0|0|0|0|0|0|0|0|0|0|0|0|0|0|0|0|0|1|1|1|1|1|1|1|-|-|
654|13|86|1|1|Talisman of Curse Wings|-1|0|0|0|0|0|0|0|0|0|0|0|0|0|0|0|0|0|1|1|1|1|1|1|1|-|-|
655|13|87|1|1|Talisman of Lord Cape|-1|0|0|0|0|0|0|0|0|0|0|0|0|0|0|0|0|0|1|1|1|1|1|1|1|-|-|
656|13|88|1|1|Talisman of Dragon Wings|-1|0|0|0|0|0|0|0|0|0|0|0|0|0|0|0|0|0|1|1|1|1|1|1|1|-|-|
657|13|89|1|1|Talisman of Soul Wings|-1|0|0|0|0|0|0|0|0|0|0|0|0|0|0|0|0|0|1|1|1|1|1|1|1|-|-|
658|13|90|1|1|Talisman of Spirit Wings|-1|0|0|0|0|0|0|0|0|0|0|0|0|0|0|0|0|0|1|1|1|1|1|1|1|-|-|
659|13|91|1|1|Talisman of Despair Wings|-1|0|0|0|0|0|0|0|0|0|0|0|0|0|0|0|0|0|1|1|1|1|1|1|1|-|-|
660|13|92|1|1|Talisman of Darkness Wings|-1|0|0|0|0|0|0|0|0|0|0|0|0|0|0|0|0|0|1|1|1|1|1|1|1|-|-|
661|13|93|1|1|Master Seal of Ascension|-1|0|0|0|0|0|0|0|0|0|0|0|0|0|0|0|0|0|1|1|1|1|1|1|1|-|-|
662|13|94|1|1|Master Seal of Wealth|-1|0|0|0|0|0|0|0|0|0|0|0|0|0|0|0|0|0|1|1|1|1|1|1|1|-|-|
663|13|95|1|1|Gladiators Honor|-1|0|0|0|0|0|0|0|0|0|0|255|0|0|0|0|0|0|1|1|1|1|1|1|1|-|-|
664|13|96|1|1|Seal of Strength|-1|0|0|0|0|0|0|0|0|0|0|0|0|0|0|0|0|0|1|1|1|1|1|1|1|-|-|
665|13|97|1|1|Gladiator Card|-1|0|0|0|0|0|0|0|0|0|0|0|0|0|0|0|0|0|1|1|1|1|1|1|1|-|-|
666|13|98|1|1|Dark Lord Card|-1|0|0|0|0|0|0|0|0|0|0|0|0|0|0|0|0|0|1|1|1|1|1|1|1|-|-|
667|13|99|1|1|Key for Character Slot|-1|0|0|0|0|0|0|0|0|0|0|0|0|0|0|0|0|0|1|1|1|1|1|1|1|-|-|
668|13|100|1|1|Seal of Bonds|-1|0|0|0|0|0|0|0|0|0|0|0|0|0|0|0|0|0|1|1|1|1|1|1|1|-|-|
669|13|101|1|1|Hyper SD Ability|-1|0|0|0|0|0|0|0|0|0|0|0|0|0|0|0|0|0|1|1|1|1|1|1|1|-|-|
670|13|102|1|1|Hyper AG Ability|-1|0|0|0|0|0|0|0|0|0|0|0|0|0|0|0|0|0|1|1|1|1|1|1|1|-|-|
671|13|103|1|1|Party EXP Scroll|-1|0|0|0|0|0|0|0|0|0|0|0|0|0|0|0|0|0|1|1|1|1|1|1|1|-|-|
672|13|104|1|1|Max AG Boost Aura|-1|0|0|0|0|0|0|0|0|0|0|0|0|0|0|0|0|0|1|1|1|1|1|1|1|-|-|
673|13|105|1|1|Max SD Boost Aura|-1|0|0|0|0|0|0|0|0|0|0|0|0|0|0|0|0|0|1|1|1|1|1|1|1|-|-|
674|13|106|1|1|Pet Unicorn|-1|0|0|0|0|0|0|0|0|0|0|255|0|0|0|0|0|0|1|1|1|1|1|1|1|-|-|
675|13|107|1|1|Lethal Wizards Ring|-1|0|0|0|0|0|0|0|0|0|0|100|0|0|0|0|0|0|1|1|1|1|1|1|1|-|-|
676|13|109|1|1|Sapphire Ring|-1|0|0|0|0|0|0|0|0|0|0|0|0|0|0|0|0|0|1|1|1|1|1|1|1|-|-|
677|13|110|1|1|Ruby Ring|-1|0|0|0|0|0|0|0|0|0|0|0|0|0|0|0|0|0|1|1|1|1|1|1|1|-|-|
678|13|111|1|1|Topaz Ring|-1|0|0|0|0|0|0|0|0|0|0|0|0|0|0|0|0|0|1|1|1|1|1|1|1|-|-|
679|13|112|1|1|Amethyst Ring|-1|0|0|0|0|0|0|0|0|0|0|0|0|0|0|0|0|0|1|1|1|1|1|1|1|-|-|
680|13|113|1|1|Ruby Necklace|-1|0|0|0|0|0|0|0|0|0|0|0|0|0|0|0|0|0|1|1|1|1|1|1|1|-|-|
681|13|114|1|1|Emerald Necklace|-1|0|0|0|0|0|0|0|0|0|0|0|0|0|0|0|0|0|1|1|1|1|1|1|1|-|-|
682|13|115|1|1|Sapphire Necklace|-1|0|0|0|0|0|0|0|0|0|0|0|0|0|0|0|0|0|1|1|1|1|1|1|1|-|-|
683|13|116|1|1|Seal of Wealth|-1|0|0|0|0|0|0|0|0|0|0|0|0|0|0|0|0|0|1|1|1|1|1|1|1|-|-|
684|13|117|1|1|Minimum Vitality Potion|-1|0|0|0|0|0|0|0|0|0|0|0|0|0|0|0|0|0|1|1|1|1|1|1|1|-|-|
685|13|118|1|1|Low Vitality Potion|-1|0|0|0|0|0|0|0|0|0|0|0|0|0|0|0|0|0|1|1|1|1|1|1|1|-|-|
686|13|119|1|1|Medium Vitality Potion|-1|0|0|0|0|0|0|0|0|0|0|0|0|0|0|0|0|0|1|1|1|1|1|1|1|-|-|
687|13|120|1|1|High Vitality Potion|-1|0|0|0|0|0|0|0|0|0|0|0|0|0|0|0|0|0|1|1|1|1|1|1|1|-|-|
688|13|121|1|1|Open Access Ticket to CC|-1|0|0|0|0|0|0|0|0|0|0|10|0|0|0|0|0|0|1|1|1|1|1|1|1|-|-|
689|13|122|1|1|Skeleton Transformation Ring|-1|0|0|0|0|0|0|0|0|0|0|255|0|0|0|0|0|0|1|1|1|1|1|1|1|-|-|
690|13|123|1|1|Pet Skeleton|-1|0|0|0|0|0|0|0|0|0|0|255|0|0|0|0|0|0|1|1|1|1|1|1|1|-|-|
691|13|125|1|1|Ticket to Doppelganger|-1|0|0|0|0|0|0|0|0|0|0|10|0|0|0|0|0|0|1|1|1|1|1|1|1|-|-|
692|13|126|1|1|Ticket to Varka|-1|0|0|0|0|0|0|0|0|0|0|10|0|0|0|0|0|0|1|1|1|1|1|1|1|-|-|
693|13|127|1|1|Ticket to Varka|-1|0|0|0|0|0|0|0|0|0|0|3|0|0|0|0|0|0|1|1|1|1|1|1|1|-|-|
694|13|128|1|1|Hawk Figurine|-1|0|0|0|0|0|0|0|0|0|0|255|0|0|0|0|0|0|1|1|1|1|1|1|1|-|-|
695|13|129|1|1|Goat Figurine|-1|0|0|0|0|0|0|0|0|0|0|255|0|0|0|0|0|0|1|1|1|1|1|1|1|-|-|
696|13|130|1|1|Oak Charm|-1|0|0|0|0|0|0|0|0|0|0|255|0|0|0|0|0|0|1|1|1|1|1|1|1|-|-|
697|13|131|1|1|Maple Charm|-1|0|0|0|0|0|0|0|0|0|0|255|0|0|0|0|0|0|1|1|1|1|1|1|1|-|-|
698|13|132|1|2|Golden Oak Charm|-1|0|0|0|0|0|0|0|0|0|0|255|0|0|0|0|0|0|1|1|1|1|1|1|1|-|-|
699|13|133|1|2|Golden Mapple Charm|-1|0|0|0|0|0|0|0|0|0|0|255|0|0|0|0|0|0|1|1|1|1|1|1|1|-|-|
700|13|134|1|1|Worn Horseshoe|-1|0|0|0|0|0|0|0|0|0|0|255|0|0|0|0|0|0|1|1|1|1|1|1|1|-|-|
701|13|135|1|1|1st Lucky Ticket Armor|-1|0|0|0|0|0|0|0|0|0|0|255|0|0|0|0|0|0|1|1|1|1|1|1|1|-|-|
702|13|136|1|1|1st Lucky Ticket Pants|-1|0|0|0|0|0|0|0|0|0|0|255|0|0|0|0|0|0|1|1|1|1|1|1|1|-|-|
703|13|137|1|1|1st Lucky Ticket Helm|-1|0|0|0|0|0|0|0|0|0|0|255|0|0|0|0|0|0|1|1|1|1|1|1|1|-|-|
704|13|138|1|1|1st Lucky Ticket Gloves|-1|0|0|0|0|0|0|0|0|0|0|255|0|0|0|0|0|0|1|1|1|1|1|1|1|-|-|
705|13|139|1|1|1st Lucky Ticket Boots|-1|0|0|0|0|0|0|0|0|0|0|255|0|0|0|0|0|0|1|1|1|1|1|1|1|-|-|
706|13|140|1|1|2nd Lucky Ticket Armor|-1|0|0|0|0|0|0|0|0|0|0|255|0|0|0|0|0|0|1|1|1|1|1|1|1|-|-|
707|13|141|1|1|2nd Lucky Ticket Pants|-1|0|0|0|0|0|0|0|0|0|0|255|0|0|0|0|0|0|1|1|1|1|1|1|1|-|-|
708|13|142|1|1|2nd Lucky Ticket Helm|-1|0|0|0|0|0|0|0|0|0|0|255|0|0|0|0|0|0|1|1|1|1|1|1|1|-|-|
709|13|143|1|1|2nd Lucky Ticket Gloves|-1|0|0|0|0|0|0|0|0|0|0|255|0|0|0|0|0|0|1|1|1|1|1|1|1|-|-|
710|13|144|1|1|2nd Lucky Ticket Boots|-1|0|0|0|0|0|0|0|0|0|0|255|0|0|0|0|0|0|1|1|1|1|1|1|1|-|-|
711|14|0|1|1|Apple|-1|0|0|0|0|0|0|0|0|0|0|0|0|0|0|0|0|0|0|0|0|0|0|0|0|-|-|
712|14|1|1|1|Small Healing Potion|-1|0|0|0|0|0|0|0|0|0|0|0|0|0|0|0|0|0|0|0|0|0|0|0|0|-|-|
713|14|2|1|1|Healing Potion|-1|0|0|0|0|0|0|0|0|0|0|0|0|0|0|0|0|0|0|0|0|0|0|0|0|-|-|
714|14|3|1|1|Large Healing Potion|-1|0|0|0|0|0|0|0|0|0|0|0|0|0|0|0|0|0|0|0|0|0|0|0|0|-|-|
715|14|4|1|1|Small Mana Potion|-1|0|0|0|0|0|0|0|0|0|0|0|0|0|0|0|0|0|0|0|0|0|0|0|0|-|-|
716|14|5|1|1|Mana Potion|-1|0|0|0|0|0|0|0|0|0|0|0|0|0|0|0|0|0|0|0|0|0|0|0|0|-|-|
717|14|6|1|1|Large Mana Potion|-1|0|0|0|0|0|0|0|0|0|0|0|0|0|0|0|0|0|0|0|0|0|0|0|0|-|-|
718|14|7|1|1|Potion of Bless|-1|0|0|0|0|0|0|0|0|0|0|0|0|0|0|0|0|0|0|0|0|0|0|0|0|-|-|
719|14|8|1|1|Antidote|-1|0|0|0|0|0|0|0|0|0|0|0|0|0|0|0|0|0|0|0|0|0|0|0|0|-|-|
720|14|9|1|2|Ale|-1|0|0|0|0|0|0|0|0|0|0|0|0|0|0|0|0|0|0|0|0|0|0|0|0|-|-|
721|14|10|1|2|Town Portal Scroll|-1|0|0|0|0|0|0|0|0|0|0|0|0|0|0|0|0|0|0|0|0|0|0|0|0|-|-|
722|14|11|1|1|Box of Luck|-1|0|0|0|0|0|0|0|0|0|0|0|0|0|0|0|0|0|0|0|0|0|0|0|0|-|-|
723|14|12|1|1|Sign of Zen|-1|0|0|0|0|0|0|0|0|0|0|0|0|0|0|0|0|0|0|0|0|0|0|0|0|-|-|
724|14|13|1|1|Jewel of Bless|-1|0|0|0|0|0|0|0|0|0|0|0|0|0|0|0|0|0|0|0|0|0|0|0|0|-|-|
725|14|14|1|1|Jewel of Soul|-1|0|0|0|0|0|0|0|0|0|0|0|0|0|0|0|0|0|0|0|0|0|0|0|0|-|-|
726|14|15|1|1|Zen|-1|0|0|0|0|0|0|0|0|0|0|0|0|0|0|0|0|0|0|0|0|0|0|0|0|-|-|
727|14|16|1|1|Jewel of Life|-1|0|0|0|0|0|0|0|0|0|0|0|0|0|0|0|0|0|0|0|0|0|0|0|0|-|-|
728|14|17|1|1|Devils Eye|-1|0|0|0|0|0|0|0|0|0|0|0|0|0|0|0|0|0|0|0|0|0|0|0|0|-|-|
729|14|18|1|1|Devils Key|-1|0|0|0|0|0|0|0|0|0|0|0|0|0|0|0|0|0|0|0|0|0|0|0|0|-|-|
730|14|19|1|1|Devils Invitation|-1|0|0|0|0|0|0|0|0|0|0|0|0|0|0|0|0|0|0|0|0|0|0|0|0|-|-|
731|14|20|1|1|Remedy of Love|-1|0|0|0|0|0|0|0|0|0|0|0|0|0|0|0|0|0|0|0|0|0|0|0|0|-|-|
732|14|21|1|1|Rena|-1|0|0|0|0|0|0|0|0|0|0|0|0|0|0|0|0|0|0|0|0|0|0|0|0|-|-|
733|14|22|1|1|Jewel of Creation|-1|0|0|0|0|0|0|0|0|0|0|0|0|0|0|0|0|0|0|0|0|0|0|0|0|-|-|
734|14|23|1|1|Scroll of the Emperor|-1|0|0|0|0|0|0|0|0|0|0|0|0|0|0|0|0|0|0|0|0|0|0|0|0|-|-|
735|14|24|1|2|Broken Sword|-1|0|0|0|0|0|0|0|0|0|0|0|0|0|0|0|0|0|0|0|0|0|0|0|0|-|-|
736|14|25|1|1|Tear of Elf|-1|0|0|0|0|0|0|0|0|0|0|0|0|0|0|0|0|0|0|0|0|0|0|0|0|-|-|
737|14|26|1|1|Soul Shard of Wizard|-1|0|0|0|0|0|0|0|0|0|0|0|0|0|0|0|0|0|0|0|0|0|0|0|0|-|-|
738|14|27|1|1|Ancient Metal|-1|0|0|0|0|0|0|0|0|0|0|0|0|0|0|0|0|0|0|0|0|0|0|0|0|-|-|
739|14|28|1|1|Lost Map|-1|0|0|0|0|0|0|0|0|0|0|0|0|0|0|0|0|0|0|0|0|0|0|0|0|-|-|
740|14|29|1|1|Symbol of Kundun|-1|0|0|0|0|0|0|0|0|0|0|0|0|0|0|0|0|0|0|0|0|0|0|0|0|-|-|
741|14|31|1|1|Jewel of Guardian|-1|0|0|0|0|0|0|0|0|0|0|0|0|0|0|0|0|0|0|0|0|0|0|0|0|-|-|
742|14|32|1|1|Pink Chocolate Box|-1|0|0|0|0|0|0|0|0|0|0|0|0|0|0|0|0|0|0|0|0|0|0|0|0|-|-|
743|14|33|1|1|Red Chocolate Box|-1|0|0|0|0|0|0|0|0|0|0|0|0|0|0|0|0|0|0|0|0|0|0|0|0|-|-|
744|14|34|1|1|Blue Chocolate Box|-1|0|0|0|0|0|0|0|0|0|0|0|0|0|0|0|0|0|0|0|0|0|0|0|0|-|-|
745|14|35|1|1|Small SD Potion|-1|0|0|0|0|0|0|0|0|0|0|0|0|0|0|0|0|0|0|0|0|0|0|0|0|-|-|
746|14|36|1|1|SD Potion|-1|0|0|0|0|0|0|0|0|0|0|0|0|0|0|0|0|0|0|0|0|0|0|0|0|-|-|
747|14|37|1|1|Large SD Potion|-1|0|0|0|0|0|0|0|0|0|0|0|0|0|0|0|0|0|0|0|0|0|0|0|0|-|-|
748|14|38|1|1|Small Complex Potion|-1|0|0|0|0|0|0|0|0|0|0|0|0|0|0|0|0|0|0|0|0|0|0|0|0|-|-|
749|14|39|1|1|Complex Potion|-1|0|0|0|0|0|0|0|0|0|0|0|0|0|0|0|0|0|0|0|0|0|0|0|0|-|-|
750|14|40|1|1|Large Complex Potion|-1|0|0|0|0|0|0|0|0|0|0|0|0|0|0|0|0|0|0|0|0|0|0|0|0|-|-|
751|14|41|1|1|Gemstone|-1|0|0|0|0|0|0|0|0|0|0|0|0|0|0|0|0|0|0|0|0|0|0|0|0|-|-|
752|14|42|1|1|Jewel of Harmony|-1|0|0|0|0|0|0|0|0|0|0|0|0|0|0|0|0|0|0|0|0|0|0|0|0|-|-|
753|14|43|1|1|Lower Rerining Stsne|-1|0|0|0|0|0|0|0|0|0|0|0|0|0|0|0|0|0|0|0|0|0|0|0|0|-|-|
754|14|44|1|1|Higher Rerining Stsne|-1|0|0|0|0|0|0|0|0|0|0|0|0|0|0|0|0|0|0|0|0|0|0|0|0|-|-|
755|14|45|1|1|Pumpkin of Luck|-1|0|0|0|0|0|0|0|0|0|0|0|0|0|0|0|0|0|0|0|0|0|0|0|0|-|-|
756|14|46|1|2|Jack OLantern Blessings|-1|0|0|0|0|0|0|0|0|0|0|0|0|0|0|0|0|0|0|0|0|0|0|0|0|-|-|
757|14|47|1|2|Jack OLantern Wrath|-1|0|0|0|0|0|0|0|0|0|0|0|0|0|0|0|0|0|0|0|0|0|0|0|0|-|-|
758|14|48|1|2|Jack OLantern Cry|-1|0|0|0|0|0|0|0|0|0|0|0|0|0|0|0|0|0|0|0|0|0|0|0|0|-|-|
759|14|49|1|1|Jack OLantern Food|-1|0|0|0|0|0|0|0|0|0|0|0|0|0|0|0|0|0|0|0|0|0|0|0|0|-|-|
760|14|50|1|1|Jack OLantern Drink|-1|0|0|0|0|0|0|0|0|0|0|0|0|0|0|0|0|0|0|0|0|0|0|0|0|-|-|
761|14|51|1|1|Chistmas Star|-1|0|0|0|0|0|0|0|0|0|0|0|0|0|0|0|0|0|0|0|0|0|0|0|0|-|-|
762|14|52|1|1|GM Gift|-1|0|0|0|0|0|0|0|0|0|0|0|0|0|0|0|0|0|0|0|0|0|0|0|0|-|-|
763|14|53|1|1|Talisman of Luck|-1|0|0|0|0|0|0|0|0|0|0|0|0|0|0|0|0|0|0|0|0|0|0|0|0|-|-|
764|14|54|1|1|Chaos Card|-1|0|0|0|0|0|0|0|0|0|0|0|0|0|0|0|0|0|0|0|0|0|0|0|0|-|-|
765|14|55|1|1|Green Chaos Box|-1|0|0|0|0|0|0|0|0|0|0|0|0|0|0|0|0|0|0|0|0|0|0|0|0|-|-|
766|14|56|1|1|Red Chaos Box|-1|0|0|0|0|0|0|0|0|0|0|0|0|0|0|0|0|0|0|0|0|0|0|0|0|-|-|
767|14|57|1|1|Purple Chaos Box|-1|0|0|0|0|0|0|0|0|0|0|0|0|0|0|0|0|0|0|0|0|0|0|0|0|-|-|
768|14|58|1|1|Rare Item Ticket 1|-1|0|0|0|0|0|0|0|0|0|0|0|0|0|0|0|0|0|0|0|0|0|0|0|0|-|-|
769|14|59|1|1|Rare Item Ticket 2|-1|0|0|0|0|0|0|0|0|0|0|0|0|0|0|0|0|0|0|0|0|0|0|0|0|-|-|
770|14|60|1|1|Rare Item Ticket 3|-1|0|0|0|0|0|0|0|0|0|0|0|0|0|0|0|0|0|0|0|0|0|0|0|0|-|-|
771|14|61|1|1|Rare Item Ticket 4|-1|0|0|0|0|0|0|0|0|0|0|0|0|0|0|0|0|0|0|0|0|0|0|0|0|-|-|
772|14|62|1|1|Rare Item Ticket 5|-1|0|0|0|0|0|0|0|0|0|0|0|0|0|0|0|0|0|0|0|0|0|0|0|0|-|-|
773|14|63|1|1|Firecracker|-1|0|0|0|0|0|0|0|0|0|0|0|0|0|0|0|0|0|0|0|0|0|0|0|0|-|-|
774|14|64|1|1|Cursed Castle Water|-1|0|0|0|0|0|0|0|0|0|0|0|0|0|0|0|0|0|0|0|0|0|0|0|0|-|-|
775|14|65|1|1|Death-Beam Knight Flame|-1|0|0|0|0|0|0|0|0|0|0|0|0|0|0|0|0|0|0|0|0|0|0|0|0|-|-|
776|14|66|1|2|Hell-Miner Horn|-1|0|0|0|0|0|0|0|0|0|0|0|0|0|0|0|0|0|0|0|0|0|0|0|0|-|-|
777|14|67|1|2|Dark Phoenix Feather|-1|0|0|0|0|0|0|0|0|0|0|0|0|0|0|0|0|0|0|0|0|0|0|0|0|-|-|
778|14|68|1|2|Abyssal Eye|-1|0|0|0|0|0|0|0|0|0|0|0|0|0|0|0|0|0|0|0|0|0|0|0|0|-|-|
779|14|70|1|1|Elite Healing Potion|-1|0|0|0|0|0|0|0|0|0|0|0|0|0|0|0|0|0|0|0|0|0|0|0|0|-|-|
780|14|71|1|1|Elite Mana Potion|-1|0|0|0|0|0|0|0|0|0|0|0|0|0|0|0|0|0|0|0|0|0|0|0|0|-|-|
781|14|72|2|2|Scroll of Quickness|-1|0|0|0|0|0|0|0|0|0|0|0|0|0|0|0|0|0|0|0|0|0|0|0|0|-|-|
782|14|73|2|2|Scroll of Defense|-1|0|0|0|0|0|0|0|0|0|0|0|0|0|0|0|0|0|0|0|0|0|0|0|0|-|-|
783|14|74|2|2|Scroll of Wrath|-1|0|0|0|0|0|0|0|0|0|0|0|0|0|0|0|0|0|0|0|0|0|0|0|0|-|-|
784|14|75|2|2|Scroll of Wizardry|-1|0|0|0|0|0|0|0|0|0|0|0|0|0|0|0|0|0|0|0|0|0|0|0|0|-|-|
785|14|76|2|2|Scroll of Health|-1|0|0|0|0|0|0|0|0|0|0|0|0|0|0|0|0|0|0|0|0|0|0|0|0|-|-|
786|14|77|2|2|Scroll of Mana|-1|0|0|0|0|0|0|0|0|0|0|0|0|0|0|0|0|0|0|0|0|0|0|0|0|-|-|
787|14|78|1|2|Elixir of Strength|-1|0|0|0|0|0|0|0|0|0|0|0|0|0|0|0|0|0|0|0|0|0|0|0|0|-|-|
788|14|79|1|2|Elixir of Agility|-1|0|0|0|0|0|0|0|0|0|0|0|0|0|0|0|0|0|0|0|0|0|0|0|0|-|-|
789|14|80|1|2|Elixir of Health|-1|0|0|0|0|0|0|0|0|0|0|0|0|0|0|0|0|0|0|0|0|0|0|0|0|-|-|
790|14|81|1|2|Elixir of Energy|-1|0|0|0|0|0|0|0|0|0|0|0|0|0|0|0|0|0|0|0|0|0|0|0|0|-|-|
791|14|82|1|2|Elixir of Control|-1|0|0|0|0|0|0|0|0|0|0|0|0|0|0|0|0|0|0|0|0|0|0|0|0|-|-|
792|14|83|1|1|Rare Item Ticket 6|-1|0|0|0|0|0|0|0|0|0|0|0|0|0|0|0|0|0|0|0|0|0|0|0|0|-|-|
793|14|84|1|1|Cherry Blossom Play-Box|-1|0|0|0|0|0|0|0|0|0|0|0|0|0|0|0|0|0|0|0|0|0|0|0|0|-|-|
794|14|85|1|2|Cherry Blossom Wine|-1|0|0|0|0|0|0|0|0|0|0|0|0|0|0|0|0|0|0|0|0|0|0|0|0|-|-|
795|14|86|1|1|Cherry Blossom Rice Cake|-1|0|0|0|0|0|0|0|0|0|0|0|0|0|0|0|0|0|0|0|0|0|0|0|0|-|-|
796|14|87|1|1|Cherry Blossom Flower Petal|-1|0|0|0|0|0|0|0|0|0|0|0|0|0|0|0|0|0|0|0|0|0|0|0|0|-|-|
797|14|88|1|2|White Cherry Blossom Branch|-1|0|0|0|0|0|0|0|0|0|0|0|0|0|0|0|0|0|0|0|0|0|0|0|0|-|-|
798|14|89|1|2|Red Cherry Blossom Branch|-1|0|0|0|0|0|0|0|0|0|0|0|0|0|0|0|0|0|0|0|0|0|0|0|0|-|-|
799|14|90|1|2|Golden Cherry Blossom Branch|-1|0|0|0|0|0|0|0|0|0|0|0|0|0|0|0|0|0|0|0|0|0|0|0|0|-|-|
800|14|91|1|1|Summoner Character Card|-1|0|0|0|0|0|0|0|0|0|0|0|0|0|0|0|0|0|0|0|0|0|0|0|0|-|-|
801|14|92|1|1|Chaos Card Gold|-1|0|0|0|0|0|0|0|0|0|0|0|0|0|0|0|0|0|0|0|0|0|0|0|0|-|-|
802|14|93|1|1|Chaos Card Rare|-1|0|0|0|0|0|0|0|0|0|0|0|0|0|0|0|0|0|0|0|0|0|0|0|0|-|-|
803|14|94|1|1|Medium Elite Healing Potion|-1|0|0|0|0|0|0|0|0|0|0|0|0|0|0|0|0|0|0|0|0|0|0|0|0|-|-|
804|14|95|1|1|Chaos Card Mini|-1|0|0|0|0|0|0|0|0|0|0|0|0|0|0|0|0|0|0|0|0|0|0|0|0|-|-|
805|14|96|1|1|Talisman of Chaos Assembly|-1|0|0|0|0|0|0|0|0|0|0|0|0|0|0|0|0|0|0|0|0|0|0|0|0|-|-|
806|14|97|2|2|Scroll of Battle|-1|0|0|0|0|0|0|0|0|0|0|0|0|0|0|0|0|0|0|0|0|0|0|0|0|-|-|
807|14|98|2|2|Scroll of Strength|-1|0|0|0|0|0|0|0|0|0|0|0|0|0|0|0|0|0|0|0|0|0|0|0|0|-|-|
808|14|99|1|1|Christmas Firecracker|-1|0|0|0|0|0|0|0|0|0|0|0|0|0|0|0|0|0|0|0|0|0|0|0|0|-|-|
809|14|100|1|1|Lucky Coin|-1|0|0|0|0|0|0|0|0|0|0|0|0|0|0|0|0|0|0|0|0|0|0|0|0|-|-|
810|14|101|1|1|Suspicious Scrap of Paper|-1|0|0|0|0|0|0|0|0|0|0|0|0|0|0|0|0|0|0|0|0|0|0|0|0|-|-|
811|14|102|1|1|Gaions Order|-1|0|0|0|0|0|0|0|0|0|0|0|0|0|0|0|0|0|0|0|0|0|0|0|0|-|-|
812|14|103|1|1|First Secromicon Fragment|-1|0|0|0|0|0|0|0|0|0|0|0|0|0|0|0|0|0|0|0|0|0|0|0|0|-|-|
813|14|104|1|1|Second Secromicon Fragment|-1|0|0|0|0|0|0|0|0|0|0|0|0|0|0|0|0|0|0|0|0|0|0|0|0|-|-|
814|14|105|1|1|Third Secromicon Fragment|-1|0|0|0|0|0|0|0|0|0|0|0|0|0|0|0|0|0|0|0|0|0|0|0|0|-|-|
815|14|106|1|1|Fourth Secromicon Fragment|-1|0|0|0|0|0|0|0|0|0|0|0|0|0|0|0|0|0|0|0|0|0|0|0|0|-|-|
816|14|107|1|1|Fifth Secromicon Fragment|-1|0|0|0|0|0|0|0|0|0|0|0|0|0|0|0|0|0|0|0|0|0|0|0|0|-|-|
817|14|108|1|1|Sixth Secromicon Fragment|-1|0|0|0|0|0|0|0|0|0|0|0|0|0|0|0|0|0|0|0|0|0|0|0|0|-|-|
818|14|109|1|1|Complete Secromicon|-1|0|0|0|0|0|0|0|0|0|0|0|0|0|0|0|0|0|0|0|0|0|0|0|0|-|-|
819|14|110|1|1|Sign of Dimensions|-1|0|0|0|0|0|0|0|0|0|0|0|0|0|0|0|0|0|0|0|0|0|0|0|0|-|-|
820|14|111|1|1|Mirror of Dimensions|-1|0|0|0|0|0|0|0|0|0|0|0|0|0|0|0|0|0|0|0|0|0|0|0|0|-|-|
821|14|112|1|1|Silver Key|-1|0|0|0|0|0|0|0|0|0|0|0|0|0|0|0|0|0|0|0|0|0|0|0|0|-|-|
822|14|113|1|1|Gold Key|-1|0|0|0|0|0|0|0|0|0|0|0|0|0|0|0|0|0|0|0|0|0|0|0|0|-|-|
823|14|114|1|1|Master Skill Reset|-1|0|0|0|0|0|0|0|0|0|0|0|0|0|0|0|0|0|0|0|0|0|0|0|0|-|-|
824|14|115|1|1|Stat Adjustment|-1|0|0|0|0|0|0|0|0|0|0|0|0|0|0|0|0|0|0|0|0|0|0|0|0|-|-|
825|14|116|1|1|Character Relocation Service|-1|0|0|0|0|0|0|0|0|0|0|0|0|0|0|0|0|0|0|0|0|0|0|0|0|-|-|
826|14|117|1|1|Character Rename Service|-1|0|0|0|0|0|0|0|0|0|0|0|0|0|0|0|0|0|0|0|0|0|0|0|0|-|-|
827|14|118|1|1|Server Relocation Service|-1|0|0|0|0|0|0|0|0|0|0|0|0|0|0|0|0|0|0|0|0|0|0|0|0|-|-|
828|14|119|1|1|Premium Package|-1|0|0|0|0|0|0|0|0|0|0|0|0|0|0|0|0|0|0|0|0|0|0|0|0|-|-|
829|14|120|1|1|Goblin Gold Coin|-1|0|0|0|0|0|0|0|0|0|0|0|0|0|0|0|0|0|0|0|0|0|0|0|0|-|-|
830|14|121|1|1|Sealed Golden Box|-1|0|0|0|0|0|0|0|0|0|0|0|0|0|0|0|0|0|0|0|0|0|0|0|0|-|-|
831|14|122|1|1|Sealed Silver Box|-1|0|0|0|0|0|0|0|0|0|0|0|0|0|0|0|0|0|0|0|0|0|0|0|0|-|-|
832|14|123|1|1|Golden Box|-1|0|0|0|0|0|0|0|0|0|0|0|0|0|0|0|0|0|0|0|0|0|0|0|0|-|-|
833|14|124|1|1|Silver Box|-1|0|0|0|0|0|0|0|0|0|0|0|0|0|0|0|0|0|0|0|0|0|0|0|0|-|-|
834|14|125|1|1|Package Box|-1|0|0|0|0|0|0|0|0|0|0|0|0|0|0|0|0|0|0|0|0|0|0|0|0|-|-|
835|14|126|1|1|30-Day Pass|-1|0|0|0|0|0|0|0|0|0|0|0|0|0|0|0|0|0|0|0|0|0|0|0|0|-|-|
836|14|127|1|1|90-Day Pass|-1|0|0|0|0|0|0|0|0|0|0|0|0|0|0|0|0|0|0|0|0|0|0|0|0|-|-|
837|14|128|1|1|30-Day Pass - Points|-1|0|0|0|0|0|0|0|0|0|0|0|0|0|0|0|0|0|0|0|0|0|0|0|0|-|-|
838|14|129|1|1|90-Day Pass - Points|-1|0|0|0|0|0|0|0|0|0|0|0|0|0|0|0|0|0|0|0|0|0|0|0|0|-|-|
839|14|130|1|1|3-Hour Pass|-1|0|0|0|0|0|0|0|0|0|0|0|0|0|0|0|0|0|0|0|0|0|0|0|0|-|-|
840|14|131|1|1|5-Hour Pass|-1|0|0|0|0|0|0|0|0|0|0|0|0|0|0|0|0|0|0|0|0|0|0|0|0|-|-|
841|14|132|1|1|10-Hour Pass|-1|0|0|0|0|0|0|0|0|0|0|0|0|0|0|0|0|0|0|0|0|0|0|0|0|-|-|
842|14|133|1|1|Elite SD Potion|-1|0|0|0|0|0|0|0|0|0|0|0|0|0|0|0|0|0|0|0|0|0|0|0|0|-|-|
843|14|134|1|1|Package Box A|-1|0|0|0|0|0|0|0|0|0|0|0|0|0|0|0|0|0|0|0|0|0|0|0|0|-|-|
844|14|135|1|1|Package Box B|-1|0|0|0|0|0|0|0|0|0|0|0|0|0|0|0|0|0|0|0|0|0|0|0|0|-|-|
845|14|136|1|1|Package Box C|-1|0|0|0|0|0|0|0|0|0|0|0|0|0|0|0|0|0|0|0|0|0|0|0|0|-|-|
846|14|137|1|1|Package Box D|-1|0|0|0|0|0|0|0|0|0|0|0|0|0|0|0|0|0|0|0|0|0|0|0|0|-|-|
847|14|138|1|1|Package Box E|-1|0|0|0|0|0|0|0|0|0|0|0|0|0|0|0|0|0|0|0|0|0|0|0|0|-|-|
848|14|139|1|1|Package Box F|-1|0|0|0|0|0|0|0|0|0|0|0|0|0|0|0|0|0|0|0|0|0|0|0|0|-|-|
849|14|140|2|2|Scroll of Healing|-1|0|0|0|0|0|0|0|0|0|0|0|0|0|0|0|0|0|0|0|0|0|0|0|0|-|-|
850|14|141|1|1|Shining Jewelery Case|-1|0|0|0|0|0|0|0|0|0|0|0|0|0|0|0|0|0|0|0|0|0|0|0|0|-|-|
851|14|142|1|1|Elegant Jewelery Case|-1|0|0|0|0|0|0|0|0|0|0|0|0|0|0|0|0|0|0|0|0|0|0|0|0|-|-|
852|14|143|1|1|Steel Jewelery Case|-1|0|0|0|0|0|0|0|0|0|0|0|0|0|0|0|0|0|0|0|0|0|0|0|0|-|-|
853|14|144|1|1|Old Jewelery Case|-1|0|0|0|0|0|0|0|0|0|0|0|0|0|0|0|0|0|0|0|0|0|0|0|0|-|-|
854|14|145|1|1|Rare Item Ticket 7|-1|0|0|0|0|0|0|0|0|0|0|0|0|0|0|0|0|0|0|0|0|0|0|0|0|-|-|
855|14|146|1|1|Rare Item Ticket 8|-1|0|0|0|0|0|0|0|0|0|0|0|0|0|0|0|0|0|0|0|0|0|0|0|0|-|-|
856|14|147|1|1|Rare Item Ticket 9|-1|0|0|0|0|0|0|0|0|0|0|0|0|0|0|0|0|0|0|0|0|0|0|0|0|-|-|
857|14|148|1|1|Rare Item Ticket 10|-1|0|0|0|0|0|0|0|0|0|0|0|0|0|0|0|0|0|0|0|0|0|0|0|0|-|-|
858|14|149|1|1|Rare Item Ticket 11|-1|0|0|0|0|0|0|0|0|0|0|0|0|0|0|0|0|0|0|0|0|0|0|0|0|-|-|
859|14|150|1|1|Rare Item Ticket 12|-1|0|0|0|0|0|0|0|0|0|0|0|0|0|0|0|0|0|0|0|0|0|0|0|0|-|-|
860|14|151|1|2|Jewel of Hydra|-1|0|0|0|0|0|0|0|0|0|0|0|0|0|0|0|0|0|0|0|0|0|0|0|0|-|-|
861|14|152|1|2|1 Level Confirmation|-1|0|0|0|0|0|0|0|0|0|0|0|0|0|0|0|0|0|0|0|0|0|0|0|0|-|-|
862|14|153|1|1|Stardust|-1|0|0|0|0|0|0|0|0|0|0|0|0|0|0|0|0|0|0|0|0|0|0|0|0|-|-|
863|14|154|1|1|Kalteuseok|-1|0|0|0|0|0|0|0|0|0|0|0|0|0|0|0|0|0|0|0|0|0|0|0|0|-|-|
864|14|155|2|2|Armor of Tantalos|-1|0|0|0|0|0|0|0|0|0|0|0|0|0|0|0|0|0|0|0|0|0|0|0|0|-|-|
865|14|156|1|3|Ashes of Butcher Torch|-1|0|0|0|0|0|0|0|0|0|0|0|0|0|0|0|0|0|0|0|0|0|0|0|0|-|-|
866|14|157|1|1|Green box|-1|0|0|0|0|0|0|0|0|0|0|0|0|0|0|0|0|0|0|0|0|0|0|0|0|-|-|
867|14|158|1|1|Red box|-1|0|0|0|0|0|0|0|0|0|0|0|0|0|0|0|0|0|0|0|0|0|0|0|0|-|-|
868|14|159|1|1|Borabit Sangja|-1|0|0|0|0|0|0|0|0|0|0|0|0|0|0|0|0|0|0|0|0|0|0|0|0|-|-|
869|14|160|1|1|Jewel of Extension|-1|0|0|0|0|0|0|0|0|0|0|0|0|0|0|0|0|0|0|0|0|0|0|0|0|-|-|
870|14|161|1|1|Jewel of Rising|-1|0|0|0|0|0|0|0|0|0|0|0|0|0|0|0|0|0|0|0|0|0|0|0|0|-|-|
871|15|0|1|2|Scroll of Poison|-1|0|0|0|0|0|0|0|0|0|0|0|0|0|0|100|0|0|1|0|0|1|0|0|0|-|-|
872|15|1|1|2|Scroll of Meteorite|-1|0|0|0|0|0|0|0|0|0|0|0|0|0|0|100|0|0|1|0|0|1|0|1|0|-|-|
873|15|2|1|2|Scroll of Lighting|-1|0|0|0|0|0|0|0|0|0|0|0|0|0|0|100|0|0|1|0|0|1|0|0|0|-|-|
874|15|3|1|2|Scroll of Fire Ball|-1|0|0|0|0|0|0|0|0|0|0|0|0|0|0|100|0|0|1|0|0|1|0|1|0|-|-|
875|15|4|1|2|Scroll of Flame|-1|0|0|0|0|0|0|0|0|0|0|0|0|0|0|100|0|0|1|0|0|1|0|0|0|-|-|
876|15|5|1|2|Scroll of Teleport|-1|0|0|0|0|0|0|0|0|0|0|0|0|0|0|100|0|0|1|0|0|0|0|0|0|-|-|
877|15|6|1|2|Scroll of Ice|-1|0|0|0|0|0|0|0|0|0|0|0|0|0|0|100|0|0|1|0|0|1|0|1|0|-|-|
878|15|7|1|2|Scroll of Twister|-1|0|0|0|0|0|0|0|0|0|0|0|0|0|0|100|0|0|1|0|0|1|0|0|0|-|-|
879|15|8|1|2|Scroll of Evil Spirit|-1|0|0|0|0|0|0|0|0|0|0|0|0|0|0|100|0|0|1|0|0|1|0|0|0|-|-|
880|15|9|1|2|Scroll of Hellfire|-1|0|0|0|0|0|0|0|0|0|0|0|0|0|0|100|0|0|1|0|0|1|0|0|0|-|-|
881|15|10|1|2|Scroll of Power Wave|-1|0|0|0|0|0|0|0|0|0|0|0|0|0|0|100|0|0|1|0|0|1|0|1|0|-|-|
882|15|11|1|2|Scroll of Aqua Beam|-1|0|0|0|0|0|0|0|0|0|0|0|0|0|0|110|0|0|1|0|0|1|0|0|0|-|-|
883|15|12|1|2|Scroll of Cometfall|-1|0|0|0|0|0|0|0|0|0|0|0|0|0|0|150|0|0|1|0|0|1|0|0|0|-|-|
884|15|13|1|2|Scroll of Inferno|-1|0|0|0|0|0|0|0|0|0|0|0|0|0|0|200|0|0|1|0|0|1|0|0|0|-|-|
885|15|14|1|2|Scroll of Teleport Ally|-1|0|0|0|0|0|0|0|0|0|0|0|0|0|0|188|0|0|2|0|0|0|0|0|0|-|-|
886|15|15|1|2|Scroll of Soul Barrier|-1|0|0|0|0|0|0|0|0|0|0|0|0|0|0|126|0|0|1|0|0|0|0|0|0|-|-|
887|15|16|1|2|Scroll of Decay|-1|0|0|0|0|0|0|0|0|0|0|0|0|0|0|243|0|0|2|0|0|0|0|0|0|-|-|
888|15|17|1|2|Scroll of Ice Storm|-1|0|0|0|0|0|0|0|0|0|0|0|0|0|0|223|0|0|2|0|0|0|0|0|0|-|-|
889|15|18|1|2|Scroll of Nova|-1|0|0|0|0|0|0|0|0|0|0|0|0|0|0|258|0|0|2|0|0|0|0|0|0|-|-|
890|15|19|1|2|Chain Lightning Parchment|-1|0|0|0|0|0|0|0|0|0|0|0|0|0|0|75|0|0|0|0|0|0|0|1|0|-|-|
891|15|20|1|2|Drain Life Parchment|-1|0|0|0|0|0|0|0|0|0|0|0|0|0|0|93|0|0|0|0|0|0|0|1|0|-|-|
892|15|21|1|2|Lightning Shock Parchment|-1|0|0|0|0|0|0|0|0|0|0|0|0|0|0|216|0|0|0|0|0|0|0|1|0|-|-|
893|15|22|1|2|Damage Reflection Parchment|-1|0|0|0|0|0|0|0|0|0|0|0|0|0|0|111|0|0|0|0|0|0|0|1|0|-|-|
894|15|23|1|2|Berserker Parchment|-1|0|0|0|0|0|0|0|0|0|0|0|0|0|0|181|0|0|0|0|0|0|0|1|0|-|-|
895|15|24|1|2|Sleep Parchment|-1|0|0|0|0|0|0|0|0|0|0|0|0|0|0|100|0|0|0|0|0|0|0|1|0|-|-|
896|15|26|1|2|Weakness Parchment|-1|0|0|0|0|0|0|0|0|0|0|0|0|0|0|173|0|0|0|0|0|0|0|2|0|-|-|
897|15|27|1|2|Innovation Parchment|-1|0|0|0|0|0|0|0|0|0|0|0|0|0|0|201|0|0|0|0|0|0|0|2|0|-|-|
898|15|28|1|2|Scroll of Wizardry Enhance|-1|0|0|0|0|0|0|0|0|0|0|0|220|0|0|118|0|0|2|0|0|0|0|0|0|-|-|
899|15|29|1|2|Scroll of Gigantic Storm|-1|0|0|0|0|0|0|0|0|0|0|0|220|0|0|118|0|0|0|0|0|1|0|0|0|-|-|
900|15|30|1|2|Chain Driver Parchment|-1|0|0|0|0|0|0|0|0|0|0|0|150|0|0|0|0|0|0|0|0|0|0|0|1|-|-|
901|15|31|1|2|Dark Side Parchment|-1|0|0|0|0|0|0|0|0|0|0|0|180|0|0|0|0|0|0|0|0|0|0|0|1|-|-|
902|15|32|1|2|Dragon Lore Parchment|-1|0|0|0|0|0|0|0|0|0|0|0|150|0|0|0|0|0|0|0|0|0|0|0|1|-|-|
903|15|33|1|2|Dragon Slayer Parchment|-1|0|0|0|0|0|0|0|0|0|0|0|200|0|0|0|0|0|0|0|0|0|0|0|1|-|-|
904|15|34|1|2|Red Armor Ignore Parchment|-1|0|0|0|0|0|0|0|0|0|0|0|120|0|0|80|0|0|0|0|0|0|0|0|1|-|-|
905|15|35|1|2|Fitness Parchment|-1|0|0|0|0|0|0|0|0|0|0|0|80|0|0|35|0|0|0|0|0|0|0|0|1|-|-|
906|15|36|1|2|Defense Rate Parchment|-1|0|0|0|0|0|0|0|0|0|0|0|50|0|0|30|0|0|0|0|0|0|0|0|1|-|-|
907|13|10|1|1|Transformation Ring (Gigant)|-1|0|0|0|0|1|0|0|0|0|0|200|0|0|0|0|0|0|1|1|1|1|1|1|1|-|-|
908|13|10|1|1|Transformation Ring (Skeleton)|-1|0|0|0|0|2|0|0|0|0|0|200|0|0|0|0|0|0|1|1|1|1|1|1|1|-|-|
909|13|10|1|1|Transformation Ring (Bull)|-1|0|0|0|0|3|0|0|0|0|0|200|0|0|0|0|0|0|1|1|1|1|1|1|1|-|-|
910|13|10|1|1|Transformation Ring (Lich)|-1|0|0|0|0|4|0|0|0|0|0|200|0|0|0|0|0|0|1|1|1|1|1|1|1|-|-|
911|13|10|1|1|Transformation Ring (Death Cow)|-1|0|0|0|0|5|0|0|0|0|0|200|0|0|0|0|0|0|1|1|1|1|1|1|1|-|-|
912|12|11|1|1|Summon Stone Golem Jewel|-1|0|0|0|0|1|0|0|0|0|0|0|0|0|0|0|0|0|0|0|1|0|0|0|0|-|-|
913|12|11|1|1|Summon Assassin Jewel|-1|0|0|0|0|2|0|0|0|0|0|0|0|0|0|0|0|0|0|0|1|0|0|0|0|-|-|
914|12|11|1|1|Summon Elite Yeti Jewel|-1|0|0|0|0|3|0|0|0|0|0|0|0|0|0|0|0|0|0|0|1|0|0|0|0|-|-|
915|12|11|1|1|Summon Dark Knight Jewel|-1|0|0|0|0|4|0|0|0|0|0|0|0|0|0|0|0|0|0|0|1|0|0|0|0|-|-|
916|12|11|1|1|Summon Bali Jewel|-1|0|0|0|0|5|0|0|0|0|0|0|0|0|0|0|0|0|0|0|1|0|0|0|0|-|-|
917|12|11|1|1|Summon Soldier Jewel|-1|0|0|0|0|6|0|0|0|0|0|0|0|0|0|0|0|0|0|0|1|0|0|0|0|-|-|
918|12|30|1|1|Jewel of Bless Bundle +2|-1|0|0|0|0|1|0|0|0|0|0|0|0|0|0|0|0|0|1|1|1|1|1|1|1|-|-|
919|12|30|1|1|Jewel of Bless Bundle +3|-1|0|0|0|0|2|0|0|0|0|0|0|0|0|0|0|0|0|1|1|1|1|1|1|1|-|-|
920|12|31|1|1|Jewel of Soul Bundle +2|-1|0|0|0|0|1|0|0|0|0|0|0|0|0|0|0|0|0|1|1|1|1|1|1|1|-|-|
921|12|31|1|1|Jewel of Soul Bundle +3|-1|0|0|0|0|2|0|0|0|0|0|0|0|0|0|0|0|0|1|1|1|1|1|1|1|-|-|
922|13|15|1|1|Fruit (Agility)|-1|0|0|0|0|1|0|0|0|0|0|0|0|0|0|0|0|0|1|1|1|1|1|1|1|-|-|
923|13|15|1|1|Fruit (Energy)|-1|0|0|0|0|2|0|0|0|0|0|0|0|0|0|0|0|0|1|1|1|1|1|1|1|-|-|
924|13|15|1|1|Fruit (Stamina)|-1|0|0|0|0|3|0|0|0|0|0|0|0|0|0|0|0|0|1|1|1|1|1|1|1|-|-|
925|13|15|1|1|Fruit (Command)|-1|0|0|0|0|4|0|0|0|0|0|0|0|0|0|0|0|0|1|1|1|1|1|1|1|-|-|
926|14|9|1|2|Olivas|-1|0|0|0|0|1|0|0|0|0|0|0|0|0|0|0|0|0|0|0|0|0|0|0|0|-|-|
927|13|20|1|1|Ring Of Warrior (40)|-1|0|0|0|0|1|0|0|0|0|0|30|0|0|0|0|0|0|1|1|1|1|1|1|1|-|-|
928|13|20|1|1|Ring Of Warrior (80)|-1|0|0|0|0|2|0|0|0|0|0|30|0|0|0|0|0|0|1|1|1|1|1|1|1|-|-|
929|14|11|1|1|Star|-1|0|0|0|0|1|0|0|0|0|0|0|0|0|0|0|0|0|0|0|0|0|0|0|0|-|-|
930|14|11|1|1|Firecracker|-1|0|0|0|0|2|0|0|0|0|0|0|0|0|0|0|0|0|0|0|0|0|0|0|0|-|-|
931|14|11|1|1|Heart of Love|-1|0|0|0|0|3|0|0|0|0|0|0|0|0|0|0|0|0|0|0|0|0|0|0|0|-|-|
932|14|11|1|1|Silver Medal|-1|0|0|0|0|5|0|0|0|0|0|0|0|0|0|0|0|0|0|0|0|0|0|0|0|-|-|
933|14|11|1|1|Gold Medal|-1|0|0|0|0|6|0|0|0|0|0|0|0|0|0|0|0|0|0|0|0|0|0|0|0|-|-|
934|14|11|1|1|Box of Heaven|-1|0|0|0|0|7|0|0|0|0|0|0|0|0|0|0|0|0|0|0|0|0|0|0|0|-|-|
935|14|11|1|1|Box of Kundun +1|-1|0|0|0|0|8|0|0|0|0|0|0|0|0|0|0|0|0|0|0|0|0|0|0|0|-|-|
936|14|11|1|1|Box of Kundun +2|-1|0|0|0|0|9|0|0|0|0|0|0|0|0|0|0|0|0|0|0|0|0|0|0|0|-|-|
937|14|11|1|1|Box of Kundun +3|-1|0|0|0|0|10|0|0|0|0|0|0|0|0|0|0|0|0|0|0|0|0|0|0|0|-|-|
938|14|11|1|1|Box of Kundun +4|-1|0|0|0|0|11|0|0|0|0|0|0|0|0|0|0|0|0|0|0|0|0|0|0|0|-|-|
939|14|11|1|1|Box of Kundun +5|-1|0|0|0|0|12|0|0|0|0|0|0|0|0|0|0|0|0|0|0|0|0|0|0|0|-|-|
940|14|11|1|1|Heart of Lord|-1|0|0|0|0|13|0|0|0|0|0|0|0|0|0|0|0|0|0|0|0|0|0|0|0|-|-|
941|14|32|1|1|Pink Candy Box|-1|0|0|0|0|1|0|0|0|0|0|0|0|0|0|0|0|0|0|0|0|0|0|0|0|-|-|
942|14|33|1|1|Red Candy Box|-1|0|0|0|0|1|0|0|0|0|0|0|0|0|0|0|0|0|0|0|0|0|0|0|0|-|-|
943|14|34|1|1|Blue Candy Box|-1|0|0|0|0|1|0|0|0|0|0|0|0|0|0|0|0|0|0|0|0|0|0|0|0|-|-|
944|13|31|1|1|Dark Spirit of Raven|-1|0|0|0|0|1|0|0|0|0|0|0|0|0|0|0|0|0|0|0|0|0|1|0|0|-|-|
945|13|14|1|2|Crest of Monarch|-1|0|0|0|0|1|0|0|0|0|0|0|0|0|0|0|0|0|1|1|1|1|1|1|1|-|-|
946|14|21|1|1|Stone|-1|0|0|0|0|1|0|0|0|0|0|0|0|0|0|0|0|0|0|0|0|0|0|0|0|-|-|
947|14|21|1|1|Sign of Lord|-1|0|0|0|0|3|0|0|0|0|0|0|0|0|0|0|0|0|0|0|0|0|0|0|0|-|-|
948|14|12|1|1|Heart|-1|0|0|0|0|1|0|0|0|0|0|0|0|0|0|0|0|0|0|0|0|0|0|0|0|-|-|
949|14|12|1|1|Pergamin|-1|0|0|0|0|2|0|0|0|0|0|0|0|0|0|0|0|0|0|0|0|0|0|0|0|-|-|
950|13|7|1|1|Summon Spearman|-1|0|0|0|0|1|0|0|0|0|0|255|0|0|0|0|0|0|1|1|1|1|1|1|1|-|-|
951|13|11|1|1|Life Stone|-1|0|0|0|0|1|0|0|0|0|0|255|0|0|0|0|0|0|1|1|1|1|1|1|1|-|-|
952|14|7|1|1|Potion of Soul|-1|0|0|0|0|1|0|0|0|0|0|0|0|0|0|0|0|0|0|0|0|0|0|0|0|-|-|
953|12|26|1|1|Red Crystal|-1|0|0|0|0|1|0|0|0|0|0|0|0|0|0|0|0|0|1|1|1|1|1|1|1|-|-|
954|12|26|1|1|Blue Crystal|-1|0|0|0|0|2|0|0|0|0|0|0|0|0|0|0|0|0|1|1|1|1|1|1|1|-|-|
955|12|26|1|1|Dark Crystal|-1|0|0|0|0|3|0|0|0|0|0|0|0|0|0|0|0|0|1|1|1|1|1|1|1|-|-|
956|12|26|1|1|Box of Treasure|-1|0|0|0|0|4|0|0|0|0|0|0|0|0|0|0|0|0|1|1|1|1|1|1|1|-|-|
957|12|26|1|1|Box of Surprise|-1|0|0|0|0|5|0|0|0|0|0|0|0|0|0|0|0|0|1|1|1|1|1|1|1|-|-|
958|13|99|1|1|Key for Character Slot|-1|0|0|0|0|2|0|0|0|0|0|0|0|0|0|0|0|0|1|1|1|1|1|1|1|-|-|
959|14|23|1|1|Ring of Honor|-1|0|0|0|0|1|0|0|0|0|0|0|0|0|0|0|0|0|0|0|0|0|0|0|0|-|-|
960|14|24|1|2|Dark Stone|-1|0|0|0|0|1|0|0|0|0|0|0|0|0|0|0|0|0|0|0|0|0|0|0|0|-|-|
961|13|19|1|2|Absolute Sword of Archangel|-1|0|0|0|0|1|0|0|0|0|0|255|0|0|0|0|0|0|1|1|1|1|1|1|1|-|-|
962|13|19|1|2|Absolute Crossbow of Archangel|-1|0|0|0|0|2|0|0|0|0|0|255|0|0|0|0|0|0|1|1|1|1|1|1|1|-|-|
963|14|162|1|1|Jewel of Divinity|-1|0|0|0|0|0|0|0|0|0|0|0|0|0|0|0|0|0|0|0|0|0|0|0|0|-|-|
964|14|163|1|1|Jewel of Luck|-1|0|0|0|0|0|0|0|0|0|0|0|0|0|0|0|0|0|0|0|0|0|0|0|0|-|-|
965|14|164|1|1|Jewel of Assembly|-1|0|0|0|0|0|0|0|0|0|0|0|0|0|0|0|0|0|0|0|0|0|0|0|0|-|-|
966|14|165|1|1|Jewel of Skill|-1|0|0|0|0|0|0|0|0|0|0|0|0|0|0|0|0|0|0|0|0|0|0|0|0|-|-|
967|6|22|2|2|Talisman Shield|1|18|1|1|1|0|0|0|0|16|75|65|0|140|55|0|0|0|0|1|0|1|1|0|0|-|-|
968|5|35|1|4|Zellen Staff|0|0|1|1|1|0|66|74|30|0|0|0|380|39|13|0|0|0|2|0|0|0|0|0|0|-|-|
969|0|35|1|4|Favorite Sword|0|0|1|1|1|0|66|74|30|0|0|0|380|39|13|0|0|0|2|0|0|0|0|0|0|-|-|
970|0|35|1|4|Phoenix Soul Star|0|260|1|1|1|0|95|101|35|0|0|86|0|120|60|0|0|0|0|0|0|0|0|0|1|-|-|